231 217 200 236 65 120 18 147
58 26 6 175 167 217 78 33
205 34 52 18 255 167 29 68
91 98 15 19 119 34 136 66
199 84 120 33 94 185 199 195
109 92 251 87 96 107 157 177
174 136 201 254 31 206 133 179
219 183 101 102 202 137 223 65
207 6 39 184 22 36 167 117
83 13 133 44 130 164 141 23
169 183 93 46 89 0 229 125
244 30 8 219 102 150 24 62
139 37 183 42 95 156 206 11
67 244 66 152 142 78 75 81
104 87 247 80 192 236 68 22
88 127 164 78 14 243 252 32
198 125 96 131 57 241 243 253
23 160 96 157 188 149 178 15
162 167 133 141 26 236 56 75
60 241 208 35 123 71 26 51
89 31 134 116 45 17 146 138
72 80 211 172 216 81 117 1
11 38 203 92 96 101 192 241
16 164 21 149 183 53 103 117
201 217 141 155 159 244 234 185
27 158 172 183 56 203 215 156
149 108 46 47 32 110 145 234
173 228 111 62 147 235 117 123
9 221 2 236 54 100 99 227
60 136 48 193 107 112 122 121
64 98 255 224 175 138 39 168
237 110 182 53 132 118 157 248
174 51 235 213 174 103 90 133
23 250 182 48 10 83 55 112
222 69 59 206 159 244 1 221
179 136 209 185 87 234 173 22
39 199 17 229 213 138 195 182
16 42 176 189 152 165 53 16
110 1 244 43 16 11 117 92
70 121 230 95 211 205 214 41
80 13 217 241 47 210 188 108
191 195 183 152 116 217 151 117
248 54 157 230 50 17 247 19
124 105 109 85 29 104 161 88
137 117 137 64 17 149 157 112
172 210 217 205 14 228 35 67
236 119 170 224 27 96 234 3
134 118 220 215 145 176 24 9
90 211 67 125 16 254 251 91
166 204 170 103 71 185 103 99
125 226 196 12 71 49 175 153
229 112 29 18 99 129 18 69
218 5 90 178 87 186 93 253
189 240 140 11 34 78 9 37
72 50 229 38 113 247 78 145
99 63 51 192 215 127 180 36
155 126 234 208 242 140 102 74
233 183 41 41 189 173 77 13
191 225 224 139 1 107 250 162
33 166 49 90 113 45 244 173
230 44 81 138 112 205 192 195
194 240 235 222 239 102 16 217
8 111 106 95 142 30 160 232
219 87 250 21 210 243 15 60
48 56 249 100 194 44 233 32
126 34 146 208 83 186 16 203
217 22 38 211 234 72 11 224
115 194 39 244 124 243 180 214
253 45 1 129 81 122 89 108
124 207 1 154 143 192 61 50
104 36 217 223 244 27 117 203
152 178 206 82 72 37 134 182
169 15 176 130 98 72 109 123
133 214 253 41 168 129 202 0
171 161 253 211 134 224 201 233
201 15 56 182 29 215 208 90
144 2 96 228 120 150 157 89
65 73 27 29 248 163 0 92
176 108 103 110 220 129 109 180
51 41 208 208 220 207 130 57