231 217 200 26 98 137
65 35 58 66 63 154
6 175 167 249 16 155
205 34 52 201 201 196
255 145 91 87 140 185
15 19 119 27 67 109
199 84 120 202 135 213
94 45 109 66 125 138
251 87 96 90 18 92
174 136 201 17 29 99
31 192 219 179 10 15
101 102 202 229 215 7
207 6 39 86 232 94
22 100 83 44 225 183
133 44 130 250 49 7
169 183 93 109 216 145
89 52 244 135 60 145
8 219 102 124 52 227
139 37 183 51 96 244
95 240 67 24 82 167
66 152 142 249 120 212
104 87 247 152 129 1
192 180 88 83 29 35
164 78 14 212 155 211
198 125 96 88 211 254
57 144 23 30 41 177
96 157 188 34 178 164
162 167 133 13 209 160
26 251 60 44 206 36
208 35 123 138 113 45
89 31 134 180 196 153
45 136 72 189 171 16
211 172 216 73 236 233
11 38 203 186 144 125
96 191 16 107 18 63
21 149 183 129 9 144
201 217 141 6 214 95
159 109 27 119 181 23
172 183 56 78 124 245
149 108 46 248 150 221
32 182 173 223 180 213
111 62 147 162 68 23
9 221 2 58 129 99
54 104 60 234 58 27
48 193 107 196 216 153
64 98 255 61 20 132
175 24 237 52 91 67
182 53 132 245 43 40
174 51 235 163 187 129
174 106 23 41 183 146
182 48 10 190 117 226
222 69 59 110 146 7
159 5 179 161 67 53
209 185 87 209 206 151
39 199 17 20 159 120
213 75 16 164 72 151
176 189 152 159 215 135
110 1 244 176 210 157
16 171 70 132 187 239
230 95 211 242 149 9
80 13 217 117 202 73
47 136 191 219 172 26
183 152 116 165 230 31
248 54 157 181 167 150
50 150 124 177 139 216
109 85 29 125 69 24
137 117 137 53 71 165
17 177 172 222 36 199
217 205 14 154 12 109
236 119 170 209 221 91
27 170 134 65 231 185
220 215 145 64 145 66
90 211 67 183 53 21
16 89 166 35 54 42
170 103 71 211 157 128
125 226 196 87 255 1
71 33 229 243 17 14
29 18 99 20 67 22
218 5 90 55 68 96
87 218 189 192 251 101
140 11 34 3 85 184
72 50 229 185 190 17
113 63 99 18 123 190
51 192 215 35 225 26
155 126 234 223 56 208
242 161 233 13 237 112
41 41 189 243 255 174
191 225 224 53 255 47
1 95 33 217 124 78
49 90 113 170 173 234
230 44 81 17 221 202
112 172 194 238 215 48
235 222 239 84 193 44
8 111 106 82 171 127
142 194 219 192 222 168
250 21 210 127 147 10
48 56 249 149 132 177
194 123 126 229 220 204
146 208 83 230 135 49
217 22 38 58 175 157
234 152 115 195 92 171
39 244 124 66 22 8
253 45 1 80 199 84
81 123 124 153 110 44
1 154 143 115 49 223
104 36 217 74 203 160
244 165 152 123 20 108
206 82 72 15 211 13
169 15 176 148 61 173
98 190 133 143 205 53
253 41 168 210 62 15
171 161 253 36 233 26
134 66 201 2 115 92
56 182 29 17 71 208
144 2 96 22 110 231
120 248 65 136 242 20
27 29 248 171 114 234
176 108 103 213 178 239
220 136 51 78 72 121
208 208 220 213 126 164
216 19 6 55 119 16
244 59 251 233 241 214
35 133 227 22 61 180
29 242 75 95 76 128
171 223 19 252 246 6
97 188 191 84 99 141
16 71 159 214 36 229
57 23 242 100 69 19