231 217 200 26 98
65 35 58 66 63
6 175 167 249 16
205 34 52 201 201
255 145 91 87 140
15 19 119 27 67
199 84 120 202 135
94 45 109 66 125
251 87 96 90 18
174 136 201 17 29
31 192 219 179 10
101 102 202 229 215
207 6 39 86 232
22 100 83 44 225
133 44 130 250 49
169 183 93 109 216
89 52 244 135 60
8 219 102 124 52
139 37 183 51 96
95 240 67 24 82
66 152 142 249 120
104 87 247 152 129
192 180 88 83 29
164 78 14 212 155
198 125 96 88 211
57 144 23 30 41
96 157 188 34 178
162 167 133 13 209
26 251 60 44 206
208 35 123 138 113
89 31 134 180 196
45 136 72 189 171
211 172 216 73 236
11 38 203 186 144
96 191 16 107 18
21 149 183 129 9
201 217 141 6 214
159 109 27 119 181
172 183 56 78 124
149 108 46 248 150
32 182 173 223 180
111 62 147 162 68
9 221 2 58 129
54 104 60 234 58
48 193 107 196 216
64 98 255 61 20
175 24 237 52 91
182 53 132 245 43
174 51 235 163 187
174 106 23 41 183
182 48 10 190 117
222 69 59 110 146
159 5 179 161 67
209 185 87 209 206
39 199 17 20 159
213 75 16 164 72
176 189 152 159 215
110 1 244 176 210
16 171 70 132 187
230 95 211 242 149
80 13 217 117 202
47 136 191 219 172
183 152 116 165 230
248 54 157 181 167
50 150 124 177 139
109 85 29 125 69
137 117 137 53 71
17 177 172 222 36
217 205 14 154 12
236 119 170 209 221
27 170 134 65 231
220 215 145 64 145
90 211 67 183 53
16 89 166 35 54
170 103 71 211 157
125 226 196 87 255
71 33 229 243 17
29 18 99 20 67
218 5 90 55 68
87 218 189 192 251
140 11 34 3 85
72 50 229 185 190
113 63 99 18 123
51 192 215 35 225
155 126 234 223 56
242 161 233 13 237
41 41 189 243 255
191 225 224 53 255
1 95 33 217 124
49 90 113 170 173
230 44 81 17 221
112 172 194 238 215
235 222 239 84 193
8 111 106 82 171
142 194 219 192 222
250 21 210 127 147
48 56 249 149 132
194 123 126 229 220
146 208 83 230 135
217 22 38 58 175
234 152 115 195 92
39 244 124 66 22
253 45 1 80 199
81 123 124 153 110
1 154 143 115 49
104 36 217 74 203
244 165 152 123 20
206 82 72 15 211
169 15 176 148 61
98 190 133 143 205
253 41 168 210 62
171 161 253 36 233
134 66 201 2 115
56 182 29 17 71
144 2 96 22 110
120 248 65 136 242
27 29 248 171 114
176 108 103 213 178
220 136 51 78 72
208 208 220 213 126
216 19 6 55 119
244 59 251 233 241
35 133 227 22 61
29 242 75 95 76
171 223 19 252 246
97 188 191 84 99
16 71 159 214 36
57 23 242 100 69