27 62 37 52 36 16
189 98 223 198 32 230
250 169 83 91 80 11
49 239 222 200 38 238
3 110 109 167 57 158
243 28 239 139 7 140
59 147 168 132 89 221
162 115 209 145 49 160
7 172 171 156 246 106
82 38 116 53 55 2
227 223 60 39 108 75
153 3 154 54 230 208
51 201 250 219 159 68
234 114 152 175 94 241
121 169 208 126 83 45
85 30 75 161 115 210
165 109 200 8 234 226
244 211 39 154 175 53
119 174 217 75 157 214
163 175 12 191 183 8
190 218 100 114 35 81
148 63 171 11 167 172
60 116 72 164 39 131
88 234 178 242 62 204
58 187 129 156 227 127
197 169 108 235 183 92
156 253 97 64 223 159
94 5 91 121 8 113
230 225 7 192 205 13
44 243 223 135 121 254
165 70 227 122 242 136
209 165 116 180 24 172
47 127 80 36 54 18
247 45 218 55 151 160
156 223 67 236 180 88
233 128 105 75 1 74
53 16 37 113 22 103
99 242 145 231 133 98
80 27 75 196 85 145
105 249 144 210 1 211
220 150 74 81 73 24
147 81 194 111 243 156
245 212 33 254 238 16
202 94 148 192 180 116
204 241 61 151 53 162
188 34 158 3 31 28
83 183 228 17 131 146
74 131 201 120 118 14
82 157 207 23 62 41
82 196 150 235 237 6
74 134 204 246 56 206
34 155 185 199 245 50
99 154 249 79 59 116
45 104 69 171 185 18
219 224 59 237 244 25
41 158 183 236 58 214
76 13 65 100 146 246
146 111 253 8 223 215
236 187 87 186 63 133
26 185 163 47 75 100
172 93 241 37 40 13
211 167 116 67 124 63
75 47 100 136 138 2
4 206 202 97 123 26
206 164 106 128 21 149
145 56 169 225 69 164
117 252 137 117 201 188
237 160 77 80 126 46
37 20 49 242 142 124
16 155 139 86 74 28
231 177 86 122 240 138
32 11 43 109 75 38
166 137 47 191 62 129
236 73 165 90 106 48
86 205 155 187 30 165
129 159 30 56 200 240
187 102 221 25 149 140
225 15 238 159 27 132
38 223 249 166 232 78
171 141 38 65 77 12
112 135 247 222 132 90
180 122 206 25 195 218
141 78 195 159 92 195
207 243 60 43 208 251
103 229 130 22 58 44
14 83 93 21 94 75
213 0 213 65 243 178
67 94 29 28 107 119
253 94 163 221 135 90
205 107 166 141 193 76
26 202 208 173 219 118
140 220 80 62 50 12
23 53 34 19 97 114
244 103 147 150 53 163
114 76 62 39 140 171
6 239 233 46 144 190
204 8 196 5 157 152
62 185 135 130 92 222
110 66 44 175 164 11
37 207 234 218 245 47
22 114 100 143 177 62
219 211 8 128 145 17
1 208 209 253 128 125
173 42 135 128 179 51
253 155 102 115 232 155
148 76 216 37 6 35
8 81 89 100 42 78
50 156 174 180 147 39
85 166 243 76 50 126
158 220 66 121 83 42
1 212 213 84 6 82
87 10 93 1 46 47
122 196 190 53 198 243
196 142 74 225 159 126
108 146 254 156 132 24
132 128 4 189 8 181
231 6 225 4 173 169
76 220 144 155 9 146
32 84 116 207 26 213
44 0 44 32 213 245
36 203 239 250 252 6
8 207 199 7 38 33
223 166 121 31 176 175
225 239 14 183 176 7
87 116 35 239 136 103
157 221 64 67 137 202
236 87 187 99 129 226
197 46 235 14 74 68