231 217 0 200 236
65 35 0 58 26
6 175 0 167 247
205 34 0 52 18
255 145 0 91 98
15 19 0 119 112
199 84 0 120 33
94 45 0 109 92
251 87 0 96 150
174 136 0 201 254
31 192 0 219 183
101 102 0 202 44
207 6 0 39 184
22 100 0 83 13
133 44 0 130 209
169 183 0 93 46
89 52 0 244 30
8 219 0 102 201
139 37 0 183 42
95 240 0 67 244
66 152 0 142 173
104 87 0 247 80
192 180 0 88 127
164 78 0 14 48
198 125 0 96 131
57 144 0 23 160
96 157 0 188 99
162 167 0 133 141
26 251 0 60 241
208 35 0 123 2
89 31 0 134 116
45 136 0 72 80
211 172 0 216 238
11 38 0 203 92
96 191 0 16 164
21 149 0 183 182
201 217 0 141 155
159 109 0 27 158
172 183 0 56 109
149 108 0 46 47
32 182 0 173 228
111 62 0 147 96
9 221 0 2 236
54 104 0 60 136
48 193 0 107 94
64 98 0 255 224
175 24 0 237 110
182 53 0 132 242
174 51 0 235 213
174 106 0 23 250
182 48 0 10 50
222 69 0 59 206
159 5 0 179 136
209 185 0 87 238
39 199 0 17 229
213 75 0 16 42
176 189 0 152 10
110 1 0 244 43
16 171 0 70 121
230 95 0 211 152
80 13 0 217 241
47 136 0 191 195
183 152 0 116 254
248 54 0 157 230
50 150 0 124 105
109 85 0 29 88
137 117 0 137 64
17 177 0 172 210
217 205 0 14 128
236 119 0 170 224
27 170 0 134 118
220 215 0 145 218
90 211 0 67 125
16 89 0 166 204
170 103 0 71 89
125 226 0 196 12
71 33 0 229 112
29 18 0 99 120
218 5 0 90 178
87 218 0 189 240
140 11 0 34 166
72 50 0 229 38
113 63 0 99 63
51 192 0 215 7
155 126 0 234 208
242 161 0 233 183
41 41 0 189 78
191 225 0 224 139
1 95 0 33 166
49 90 0 113 176
230 44 0 81 138
112 172 0 194 240
235 222 0 239 142
8 111 0 106 95
142 194 0 219 87
250 21 0 210 66
48 56 0 249 100
194 123 0 126 34
146 208 0 83 247
217 22 0 38 211
234 152 0 115 194
39 244 0 124 237
253 45 0 1 129
81 123 0 124 207
1 154 0 143 103
104 36 0 217 223
244 165 0 152 178
206 82 0 72 219
169 15 0 176 130
98 190 0 133 214
253 41 0 168 174
171 161 0 253 211
134 66 0 201 15
56 182 0 29 130
144 2 0 96 228
120 248 0 65 73
27 29 0 248 85
176 108 0 103 110
220 136 0 51 41
208 208 0 220 9
216 19 0 6 250
244 59 0 251 221
35 133 0 227 83
29 242 0 75 251
171 223 0 19 155
97 188 0 191 54
16 71 0 159 30
57 23 0 242 184
