231 217 0 200 236
65 35 0 58 26
6 175 0 167 247
205 34 0 52 18
255 145 0 91 98
15 19 0 119 112
199 84 0 120 33
94 45 0 109 92
251 87 0 96 150
174 136 0 201 254
31 192 0 219 183
101 102 0 202 44
207 6 0 39 184
22 100 0 83 13
133 44 0 130 209
169 183 0 93 46
89 52 0 244 30
8 219 0 102 201
139 37 0 183 42
95 240 0 67 244
66 152 0 142 173
104 87 0 247 80
192 180 0 88 127
164 78 0 14 48
198 125 0 96 131
57 144 0 23 160
96 157 0 188 99
162 167 0 133 141
26 251 0 60 241
208 35 0 123 2
89 31 0 134 116
45 136 0 72 80
211 172 0 216 238
11 38 0 203 92
96 191 0 16 164
21 149 0 183 182
201 217 0 141 155
159 109 0 27 158
172 183 0 56 109
149 108 0 46 47
32 182 0 173 228
111 62 0 147 96
9 221 0 2 236
54 104 0 60 136
48 193 0 107 94
64 98 0 255 224
175 24 0 237 110
182 53 0 132 242
174 51 0 235 213
174 106 0 23 250
182 48 0 10 50
222 69 0 59 206
159 5 0 179 136
209 185 0 87 238
39 199 0 17 229
213 75 0 16 42
176 189 0 152 10
110 1 0 244 43
16 171 0 70 121
230 95 0 211 152
80 13 0 217 241
47 136 0 191 195
183 152 0 116 254
248 54 0 157 230
50 150 0 124 105
109 85 0 29 88
137 117 0 137 64
17 177 0 172 210
217 205 0 14 128
236 119 0 170 224
27 170 0 134 118
220 215 0 145 218
90 211 0 67 125
16 89 0 166 204
170 103 0 71 89
125 226 0 196 12
71 33 0 229 112
29 18 0 99 120
218 5 0 90 178
87 218 0 189 240
140 11 0 34 166
72 50 0 229 38
113 63 0 99 63
51 192 0 215 7
155 126 0 234 208
242 161 0 233 183
41 41 0 189 78
191 225 0 224 139
1 95 0 33 166
49 90 0 113 176
230 44 0 81 138
112 172 0 194 240
235 222 0 239 142
8 111 0 106 95
142 194 0 219 87
250 21 0 210 66
48 56 0 249 100
194 123 0 126 34
146 208 0 83 247
217 22 0 38 211
234 152 0 115 194
39 244 0 124 237
253 45 0 1 129
81 123 0 124 207
1 154 0 143 103
104 36 0 217 223
244 165 0 152 178
206 82 0 72 219
169 15 0 176 130
98 190 0 133 214
253 41 0 168 174
171 161 0 253 211
134 66 0 201 15
56 182 0 29 130
144 2 0 96 228
120 248 0 65 73
27 29 0 248 85
176 108 0 103 110
220 136 0 51 41
208 208 0 220 9
216 19 0 6 250
244 59 0 251 221
35 133 0 227 83
29 242 0 75 251
171 223 0 19 155
97 188 0 191 54
16 71 0 159 30
57 23 0 242 184
154 147 0 41 141
55 189 0 55 93
161 207 0 126 249
28 192 0 181 107
85 116 0 214 110
81 176 0 26 126
19 157 0 197 37
126 155 0 159 151
109 11 0 206 137
42 59 0 166 41
124 195 0 179 122
223 198 0 116 170
201 50 0 191 136
109 49 0 85 55
224 140 0 176 61
42 148 0 117 155
35 215 0 170 215
40 35 0 4 153
162 118 0 41 23
56 73 0 172 248
2 158 0 61 139
63 126 0 45 248
116 17 0 155 123
131 185 0 146 123
6 160 0 195 136
202 103 0 134 43
140 158 0 80 225
220 74 0 28 203
217 139 0 87 250
240 5 0 84 124
110 100 0 141 1
109 50 0 109 106
114 128 0 88 247
188 43 0 224 151
151 105 0 227 237
53 27 0 51 140
103 37 0 201 240
195 125 0 88 21
234 158 0 56 85
11 211 0 113 38
96 189 0 55 127
45 184 0 10 31
145 173 0 231 202
41 248 0 124 72
250 208 0 68 245
157 131 0 140 144
199 59 0 81 221
65 124 0 231 185
204 52 0 50 64
81 218 0 249 114
196 86 0 120 236
20 86 0 162 183
4 252 0 142 92
106 47 0 252 69
8 97 0 119 69
246 124 0 255 228
75 144 0 151 80
107 200 0 228 228
182 232 0 233 254
36 246 0 25 22
1 96 0 124 30
62 166 0 198 122
31 191 0 255 51
109 229 0 188 2
24 255 0 146 105
125 135 0 54 125
57 11 0 43 152
27 99 0 168 84
57 238 0 247 49
241 150 0 5 193
196 132 0 195 237
66 47 0 99 204
5 8 0 194 58
105 7 0 144 200
111 94 0 52 222
222 154 0 149 209
193 76 0 184 208
111 77 0 150 188
148 178 0 86 185
56 210 0 109 82
30 29 0 186 96
213 232 0 5 98
111 254 0 118 67
130 197 0 77 115
112 78 0 22 61
29 75 0 240 42
133 174 0 148 50
246 149 0 175 119
213 104 0 96 108
101 82 0 80 232
36 137 0 3 145
32 32 0 78 7
123 24 0 54 96
170 77 0 61 103
59 213 0 46 210
151 103 0 97 83
241 48 0 215 159
99 138 0 36 74
59 148 0 116 10
175 220 0 125 13
102 73 0 177 184
212 222 0 129 127
128 109 0 249 229
69 126 0 213 168
81 148 0 223 200
217 38 0 245 74
245 230 0 109 176
86 46 0 116 11
24 190 0 91 224
84 230 0 160 106
102 24 0 49 225
255 19 0 33 81
23 76 0 178 214
90 90 0 13 192
154 229 0 198 57
190 253 0 245 17
211 6 0 154 31
238 249 0 104 99
83 85 0 115 166
12 19 0 9 183
236 5 0 220 18
243 179 0 152 234
15 248 0 167 201
207 127 0 74 54
102 45 0 85 31
97 5 0 18 173
75 184 0 107 186
67 112 0 211 110
167 253 0 146 104
68 82 0 45 140
127 213 0 168 92
65 70 0 184 32
141 209 0 178 245
183 235 0 21 211
186 51 0 37 42
145 170 0 168 92
3 230 0 67 116
229 255 0 47 213
232 106 0 228 115
8 165 0 100 236
102 44 0 119 83
129 154 0 97 195
102 167 0 161 59
121 171 0 174 30
119 45 0 188 43
132 47 0 14 18
163 65 0 49 6
194 222 0 142 144
149 244 0 14 230
161 250 0 26 213
199 217 0 52 212
203 238 0 66 17
208 75 0 142 185
130 144 0 30 163
213 156 0 176 142
211 16 0 58 232
102 233 0 162 24
109 189 0 123 133
215 186 0 117 186
2 128 0 165 105
77 77 0 38 48
209 176 0 224 221
146 75 0 192 130
159 254 0 86 209
62 247 0 16 150
79 68 0 118 32
70 244 0 14 89
139 191 0 60 8
7 29 0 40 173
133 97 0 133 235
229 11 0 155 40
202 211 0 30 119
244 192 0 171 69
172 159 0 113 23
184 59 0 241 187
170 170 0 226 193
113 114 0 168 45
128 67 0 244 245
117 7 0 131 221
81 4 0 100 57
2 82 0 249 3
217 16 0 33 7
48 216 0 174 215
156 59 0 54 5
222 153 0 15 110
207 11 0 168 173
181 116 0 23 51
192 125 0 237 242
234 184 0 105 84
7 102 0 238 173
11 32 0 172 238
66 49 0 154 117
114 38 0 227 66
249 79 0 215 35
51 176 0 217 129
179 44 0 114 125
105 2 0 181 85
93 116 0 88 111
49 186 0 178 131
201 218 0 191 216
155 44 0 236 38
209 97 0 134 160
220 232 0 31 187
96 44 0 59 211
159 134 0 62 78
58 177 0 239 85
50 107 0 21 73
95 2 0 106 255
87 182 0 4 172
64 64 0 89 188
148 92 0 191 244
70 226 0 111 124
188 180 0 132 75
174 134 0 83 65
81 3 0 120 198
38 73 0 20 106
249 68 0 134 102
179 88 0 218 76
204 227 0 65 223
49 212 0 121 74
80 55 0 94 56
84 154 0 87 194
218 186 0 171 213
24 112 0 57 50
1 158 0 207 128
80 34 0 201 215
244 56 0 63 45
215 144 0 233 241
234 150 0 217 235
134 82 0 118 170
15 130 0 19 147
234 217 0 62 221
166 112 0 36 35
177 93 0 188 38
123 48 0 239 227
31 77 0 124 61
88 95 0 240 180
171 200 0 136 29
191 90 0 152 130
216 73 0 126 141
157 128 0 127 99
240 13 0 246 92
227 142 0 185 164
37 230 0 86 82
85 69 0 76 170
191 214 0 249 20
142 174 0 80 215
178 109 0 26 30
26 59 0 217 139
37 182 0 66 49
2 187 0 15 235
124 97 0 152 118
82 41 0 115 142
26 100 0 137 79
175 239 0 15 21
57 30 0 213 136
129 46 0 126 70
198 108 0 7 188
78 89 0 57 253
218 23 0 195 1
113 28 0 247 90
8 95 0 113 243
192 143 0 183 23
213 114 0 21 228
32 59 0 65 171
79 79 0 49 90
129 250 0 178 60
59 94 0 102 155
201 118 0 31 237
247 241 0 3 240
236 62 0 18 134
147 112 0 237 99
80 101 0 59 76
15 11 0 24 248
131 187 0 190 243
242 76 0 220 90
156 23 0 139 117
44 81 0 151 247
199 87 0 198 66
118 3 0 57 168
113 132 0 97 51
163 36 0 61 83
26 70 0 190 56
7 48 0 110 112
224 19 0 138 41
10 107 0 48 203
112 83 0 214 73
77 178 0 247 188
106 177 0 244 224
123 71 0 162 173
218 186 0 211 112
25 196 0 254 194
55 55 0 201 15
150 66 0 35 137
110 46 0 8 253
246 138 0 99 131
167 32 0 100 184
25 127 0 86 158
95 249 0 59 49
90 198 0 27 197
111 64 0 196 40
134 193 0 169 253
64 59 0 111 165
57 79 0 225 146
225 184 0 60 77
122 71 0 158 243
171 33 0 63 191
195 178 0 8 223
224 142 0 113 183
53 128 0 89 149
191 7 0 231 237
185 84 0 210 202
7 37 0 62 229
88 162 0 87 147
236 66 0 155 228
160 44 0 81 165
168 166 0 180 58
190 98 0 135 162
224 179 0 10 20
110 18 0 190 101
203 91 0 199 225
243 242 0 97 228
134 247 0 89 87
103 51 0 104 108
247 226 0 138 173
78 177 0 14 73
145 3 0 117 65
19 114 0 46 235
19 236 0 241 228
55 158 0 145 107
15 58 0 155 111
215 147 0 251 183
133 51 0 61 77
5 47 0 175 59
56 245 0 121 81
101 199 0 240 194
156 176 0 242 61
245 54 0 253 111
139 187 0 227 62
59 199 0 240 170
40 75 0 53 66
50 29 0 64 127
109 206 0 6 196
190 223 0 69 147
206 245 0 154 123
120 125 0 16 96
23 174 0 96 116
41 216 0 181 161
45 104 0 99 64
216 170 0 64 94
16 105 0 248 9
58 158 0 125 120
252 147 0 22 114
216 37 0 198 147
104 137 0 181 12
148 120 0 185 147
42 126 0 201 122
137 39 0 2 81
60 123 0 244 84
17 129 0 104 192
21 20 0 4 181
227 230 0 164 36
136 221 0 134 132
137 26 0 66 189
98 127 0 48 190
100 164 0 185 27
243 166 0 121 82
87 231 0 183 113
109 120 0 139 39
240 76 0 6 149
165 132 0 39 68
253 208 0 184 219
64 190 0 102 26
78 241 0 81 195
164 137 0 12 246
142 99 0 100 127
129 60 0 95 170
215 158 0 103 217
111 240 0 42 247
212 89 0 123 18
107 102 0 133 79
89 177 0 66 156
233 24 0 57 227
80 120 0 57 108
141 245 0 195 170
156 51 0 112 122
220 1 0 60 227
94 177 0 67 115
84 209 0 53 241
116 84 0 239 185
182 45 0 239 151
131 167 0 12 249
22 45 0 159 168
171 67 0 223 106
162 229 0 81 137
147 118 0 182 241
183 215 0 9 195
13 98 0 86 36
251 81 0 98 2
214 25 0 23 172
39 109 0 162 182
42 244 0 58 93
133 55 0 178 91
190 218 0 132 186
3 73 0 226 70
80 126 0 96 11
203 20 0 215 153
60 72 0 240 243
7 17 0 91 189
95 188 0 106 109
125 24 0 253 22
219 159 0 151 239
243 95 0 24 223
215 124 0 168 170
139 11 0 104 170
225 42 0 74 18
81 218 0 146 231
68 28 0 172 7
92 75 0 17 51
117 63 0 1 208
8 222 0 244 97
148 242 0 79 203
220 43 0 229 1
15 121 0 99 210
50 152 0 170 213
69 107 0 191 94
153 120 0 78 108
63 163 0 87 182
222 231 0 209 209
154 200 0 133 13
50 127 0 108 183
97 199 0 252 246
125 97 0 6 36
209 57 0 39 46
80 63 0 94 236
5 150 0 86 123
6 154 0 33 214
228 199 0 190 45
156 165 0 12 88
247 67 0 67 235
169 239 0 50 114
195 128 0 244 122
109 217 0 124 159
216 3 0 55 212
137 55 0 237 143
96 48 0 37 107
62 36 0 1 160
71 94 0 70 168
217 79 0 141 176
4 81 0 50 144
130 20 0 180 197
28 92 0 162 124
175 7 0 80 11
41 85 0 208 227
98 86 0 56 128
124 222 0 8 209
155 249 0 74 35
61 190 0 226 34
115 118 0 123 68
209 170 0 140 129
88 244 0 38 209
62 84 0 134 7
53 111 0 66 23
216 138 0 52 135
28 172 0 161 98
236 61 0 202 132
126 224 0 190 22
159 120 0 226 131
184 41 0 11 198
17 34 0 134 80
150 112 0 227 100
51 75 0 198 202
229 114 0 65 92
147 83 0 6 11
180 12 0 120 153
243 13 0 252 43
19 200 0 147 216
22 86 0 64 215
120 35 0 217 192
1 156 0 71 110
229 164 0 80 36
100 78 0 82 241
201 42 0 137 32
80 70 0 5 61
245 234 0 132 84
92 137 0 160 87
198 66 0 251 107
252 40 0 166 47
81 32 0 236 139
28 144 0 36 33
153 195 0 236 58
206 76 0 80 235
172 79 0 131 32
69 227 0 143 179
37 248 0 133 1
153 90 0 59 36
234 205 0 136 175
47 178 0 174 125
173 14 0 252 102
201 55 0 175 160
231 118 0 240 170
22 183 0 5 4
110 29 0 2 176
65 204 0 149 87
134 138 0 59 158
136 168 0 7 179
187 117 0 47 30
75 144 0 42 74
208 202 0 54 229
246 26 0 150 157
238 242 0 65 47
16 204 0 71 241
16 229 0 160 197
108 72 0 203 156
61 32 0 237 102
159 189 0 6 129
1 157 0 71 253
93 84 0 46 57
54 57 0 194 93
9 180 0 238 43
52 105 0 192 50
199 139 0 172 84
121 131 0 157 73
175 190 0 77 117
155 159 0 199 79
99 135 0 210 84
201 211 0 238 46
53 116 0 91 58
10 66 0 235 57
173 66 0 27 137
159 6 0 181 65
49 169 0 170 95
210 61 0 9 222
10 106 0 44 135
143 149 0 24 102
249 88 0 152 246
190 156 0 179 195
39 120 0 133 130
30 28 0 208 120
200 219 0 78 29
54 213 0 194 80
153 40 0 22 118
14 100 0 255 168
47 60 0 182 32
233 80 0 102 180
83 110 0 246 17
204 172 0 92 99
181 224 0 55 80
194 90 0 151 208
180 48 0 139 56
113 61 0 101 185
195 146 0 226 53
77 96 0 164 130
51 242 0 163 218
118 88 0 77 53
169 125 0 116 73
84 3 0 108 135
96 5 0 112 77
108 1 0 149 214
123 226 0 74 89
188 81 0 245 195
95 245 0 248 50
120 73 0 234 123
33 213 0 250 163
59 189 0 110 8
71 66 0 232 77
173 188 0 115 174
54 95 0 58 180
59 102 0 103 114
164 200 0 29 129
22 164 0 62 187
39 168 0 251 245
176 114 0 193 163
161 199 0 6 240
57 194 0 138 244
154 114 0 179 195
86 110 0 224 129
89 14 0 38 108
179 16 0 115 116
227 165 0 39 249
183 76 0 148 197
175 43 0 54 59
128 1 0 14 93
171 73 0 36 105
87 110 0 234 69
218 213 0 21 173
232 59 0 46 237
30 105 0 118 251
232 195 0 39 150
215 114 0 83 211
127 107 0 246 151
218 117 0 194 100
228 243 0 84 180
168 255 0 43 81
150 253 0 242 103
112 82 0 197 132
7 114 0 95 42
85 161 0 71 124
232 218 0 67 99
152 65 0 63 123
173 18 0 206 24
88 5 0 38 111
133 238 0 100 75
192 145 0 217 184
77 244 0 103 99
129 244 0 38 73
8 117 0 33 40
223 141 0 155 123
142 217 0 92 136
72 82 0 183 130
57 197 0 115 29
65 155 0 176 51
19 8 0 233 201
31 60 0 31 44
114 236 0 91 73
212 232 0 122 62
236 185 0 130 214
2 170 0 68 214
200 109 0 222 145
79 101 0 232 19
64 18 0 235 150
249 22 0 33 55
25 169 0 120 56
250 219 0 57 236
42 6 0 165 167
209 81 0 157 125
201 109 0 94 246
234 136 0 237 80
59 46 0 181 146
114 93 0 46 111
249 229 0 160 45
198 209 0 198 185
203 60 0 200 94
31 103 0 32 43
62 182 0 223 137
252 61 0 45 250
244 139 0 181 13
98 145 0 25 175
31 140 0 101 133
249 209 0 78 115
21 220 0 200 80
98 156 0 51 208
208 46 0 108 154
17 26 0 212 111
225 241 0 23 97
53 81 0 232 80
228 160 0 248 161
208 3 0 139 213
76 96 0 64 61
226 1 0 142 137
146 143 0 246 83
150 25 0 202 232
161 82 0 242 178
128 66 0 19 240
51 73 0 226 167
95 73 0 58 4
165 181 0 245 15
198 159 0 115 46
187 68 0 246 89
111 7 0 144 237
145 196 0 174 239
112 172 0 171 56
93 113 0 185 47
7 93 0 98 167
177 150 0 183 169
102 143 0 26 68
152 192 0 2 129
146 167 0 231 28
1 217 0 168 32
190 110 0 165 67
46 201 0 67 153
255 110 0 233 168
49 95 0 159 59
124 199 0 197 69
30 44 0 216 163
194 68 0 177 162
205 98 0 113 222
76 144 0 34 43
255 146 0 138 46
15 189 0 13 192
188 86 0 104 133
169 49 0 79 78
155 242 0 136 153
18 14 0 149 183
250 168 0 185 219
121 222 0 146 43
63 166 0 93 93
114 231 0 15 221
151 131 0 31 51
137 53 0 245 144
111 219 0 65 215
85 20 0 218 103
40 218 0 234 191
143 222 0 230 132
16 248 0 113 89
252 6 0 85 195
71 219 0 163 69
202 20 0 157 3
237 172 0 65 110
140 158 0 37 243
155 105 0 138 38
13 231 0 17 89
249 65 0 26 168
218 234 0 59 50
42 199 0 228 28
250 92 0 232 97
248 66 0 34 156
39 154 0 133 12
143 222 0 10 231
29 210 0 147 200
37 128 0 49 29
207 7 0 193 116
250 90 0 55 206
169 196 0 254 203
212 47 0 59 152
3 31 0 80 22
201 121 0 152 223
242 234 0 206 94
144 43 0 144 8
35 171 0 184 179
58 167 0 66 44
71 132 0 124 17
117 127 0 173 121
254 124 0 67 31
24 138 0 27 209
91 195 0 194 173
114 137 0 236 104
172 114 0 166 156
77 146 0 27 52
166 79 0 246 230
254 232 0 49 159
89 60 0 30 119
252 4 0 168 139
114 250 0 161 138
227 20 0 194 97
75 247 0 240 117
21 225 0 239 47
251 89 0 106 126
93 97 0 37 194
113 189 0 32 84
207 110 0 94 97
198 43 0 11 187
73 76 0 112 140
247 246 0 1 68
197 197 0 48 9
75 76 0 159 132
61 161 0 8 76
218 239 0 77 115
145 151 0 92 2
181 155 0 147 155
170 83 0 121 176
215 17 0 228 226
244 6 0 44 166
134 92 0 170 122
140 23 0 84 206
238 23 0 136 145
18 213 0 146 123
9 156 0 59 231
185 108 0 140 251
143 177 0 54 188
248 194 0 54 78
100 144 0 41 217
8 162 0 237 121
197 147 0 252 232
152 116 0 57 99
167 238 0 110 157
143 24 0 130 10
116 139 0 229 159
232 177 0 193 70
72 9 0 203 72
196 153 0 68 192
137 130 0 233 111
6 71 0 17 182
88 215 0 158 44
226 163 0 199 220
236 72 0 132 100
88 175 0 177 215
198 70 0 33 216
251 17 0 183 229
19 22 0 59 180
163 31 0 58 226
5 50 0 70 25
67 146 0 239 35
135 90 0 171 250
75 55 0 204 230
92 73 0 116 89
244 48 0 2 208
171 44 0 235 47
216 217 0 149 61
193 206 0 211 202
93 107 0 213 201
66 243 0 133 157
56 2 0 227 77
48 154 0 127 24
28 87 0 47 131
88 97 0 212 149
122 147 0 142 173
238 54 0 197 69
87 38 0 33 42
148 222 0 138 190
151 203 0 166 226
77 152 0 250 128
148 237 0 117 92
168 10 0 109 5
140 161 0 63 246
25 171 0 235 153
248 237 0 16 119
82 11 0 4 56
180 90 0 22 9
205 210 0 201 55
72 25 0 63 219
85 176 0 29 19
234 73 0 231 248
113 137 0 245 59
83 145 0 36 239
170 87 0 172 103
137 243 0 49 26
35 228 0 168 184
252 203 0 179 169
71 31 0 151 67
164 252 0 160 105
101 4 0 170 171
212 232 0 250 171
107 38 0 84 170
131 23 0 112 205
128 145 0 181 168
158 193 0 160 182
203 117 0 132 53
168 77 0 214 194
11 217 0 220 153
90 24 0 53 164
68 203 0 99 193
13 194 0 140 31
44 41 0 191 163
44 163 0 213 153
39 179 0 128 191
130 55 0 177 170
78 85 0 73 100
245 21 0 160 215
171 232 0 180 225
163 141 0 179 59
228 128 0 149 173
119 105 0 202 46
149 91 0 38 170
212 27 0 201 127
146 118 0 17 27
109 68 0 5 159
17 7 0 18 83
187 210 0 38 104
214 16 0 100 108
61 244 0 61 83
219 35 0 185 12
204 59 0 217 179
243 73 0 211 130
115 77 0 183 95
211 137 0 145 190
240 56 0 176 28
148 102 0 31 101
62 134 0 20 202
227 56 0 113 176
160 94 0 108 148
211 62 0 125 164
66 155 0 75 4
167 202 0 68 215
193 7 0 142 222
58 141 0 124 215
169 217 0 19 67
77 2 0 70 113
32 51 0 6 184
58 30 0 227 26
40 220 0 4 83
177 227 0 215 43
6 43 0 112 107
231 246 0 128 67
129 148 0 109 154
36 1 0 156 34
121 154 0 18 10
210 52 0 115 225
175 9 0 144 89
39 148 0 44 138
158 96 0 187 218
239 102 0 86 112
114 140 0 197 232
240 238 0 157 237
109 7 0 186 218
71 99 0 147 193
75 146 0 140 93
194 34 0 77 102
34 133 0 112 187
29 14 0 252 108
153 166 0 87 196
167 249 0 221 220
242 60 0 137 181
12 88 0 30 109
108 31 0 228 64
47 106 0 171 84
127 128 0 25 120
52 249 0 45 209
50 217 0 53 36
35 129 0 83 177
27 4 0 215 187
159 34 0 245 201
101 122 0 55 37
147 130 0 27 85
215 115 0 65 165
230 14 0 19 215
37 34 0 121 40
162 28 0 87 100
244 169 0 113 203
204 50 0 4 78
237 44 0 211 179
32 249 0 186 167
61 221 0 63 240
25 55 0 84 27
37 182 0 238 37
64 53 0 23 253
160 255 0 154 157
246 122 0 110 231
17 84 0 172 202
91 65 0 171 211
217 32 0 99 194
76 86 0 99 67
231 204 0 135 213
225 222 0 92 178
251 137 0 138 61
29 135 0 160 54
150 83 0 231 24
86 97 0 60 214
248 245 0 241 77
254 154 0 61 220
193 75 0 84 127
136 136 0 215 142
136 241 0 236 8
170 34 0 166 233
75 123 0 145 157
160 161 0 199 190
226 96 0 41 85
247 143 0 33 223
86 147 0 196 14
81 68 0 239 102
3 219 0 203 98
241 255 0 246 230
18 211 0 90 252
135 209 0 83 191
215 246 0 209 239
212 228 0 224 44
54 77 0 211 86
250 56 0 42 120
33 19 0 118 145
185 206 0 156 58
54 61 0 181 227
209 63 0 186 4
226 54 0 73 116
129 203 0 23 205
24 196 0 197 239
81 228 0 113 105
205 148 0 243 31
46 146 0 198 186
69 223 0 228 25
27 193 0 106 130
108 245 0 137 164
64 154 0 82 160
224 84 0 234 41
70 110 0 23 202
83 105 0 164 232
240 214 0 204 123
95 60 0 110 135
103 118 0 17 48
152 90 0 99 92
124 128 0 95 41
103 168 0 113 138
105 217 0 218 52
42 124 0 20 198
3 227 0 130 21
96 232 0 193 117
186 231 0 105 160
171 53 0 15 81
112 40 0 193 33
77 74 0 5 184
113 128 0 17 193
124 55 0 23 10
140 155 0 28 93
167 201 0 181 137
130 33 0 195 224
54 177 0 108 40
226 202 0 60 46
198 65 0 132 68
80 11 0 87 114
118 90 0 240 15
30 76 0 75 64
125 205 0 137 232
100 117 0 130 68
172 26 0 17 113
236 223 0 142 77
41 140 0 183 32
197 197 0 229 75
7 254 0 57 223
42 146 0 98 21
36 184 0 31 103
76 120 0 37 122
34 198 0 164 137
196 97 0 72 200
212 221 0 98 136
234 153 0 72 26
98 109 0 69 187
91 182 0 68 59
204 222 0 207 213
184 150 0 13 247
213 193 0 98 112
168 216 0 115 180
112 101 0 51 148
126 90 0 76 184
31 82 0 46 84
102 161 0 96 2
196 25 0 217 194
148 89 0 22 21
83 115 0 1 21
149 217 0 159 78
200 51 0 65 165
39 3 0 67 56
231 51 0 47 229
138 133 0 72 236
243 69 0 93 68
253 125 0 238 175
173 239 0 193 182
48 225 0 81 152
155 174 0 79 128
48 33 0 204 40
160 143 0 225 251
75 111 0 139 6
107 202 0 140 193
22 106 0 67 110
211 60 0 44 86
135 222 0 249 14
35 34 0 66 184
19 94 0 244 224
141 86 0 202 133
1 199 0 102 130
225 179 0 253 134
16 41 0 201 49
166 100 0 4 191
83 227 0 121 55
141 10 0 232 89
37 64 0 179 50
145 80 0 204 207
28 38 0 124 68
96 30 0 184 242
118 47 0 231 189
240 193 0 110 137
93 49 0 171 237
142 237 0 43 166
90 230 0 222 125
249 21 0 129 31
61 63 0 196 143
197 196 0 14 216
33 222 0 246 85
106 1 0 117 56
6 61 0 106 117
116 240 0 121 105
26 167 0 165 11
210 204 0 242 18
164 74 0 57 143
206 164 0 39 76
94 141 0 144 241
58 76 0 22 128
55 130 0 227 217
86 242 0 185 252
76 207 0 172 122
223 49 0 77 163
89 100 0 253 162
255 207 0 102 112
156 151 0 50 127
59 176 0 6 81
240 83 0 195 53
188 11 0 59 128
55 228 0 127 181
50 214 0 9 157
108 217 0 119 75
24 198 0 194 242
27 86 0 80 103
252 252 0 23 123
48 200 0 143 106
190 27 0 164 71
228 135 0 67 64
236 90 0 236 63
154 174 0 167 184
23 234 0 46 228
197 112 0 26 122
58 67 0 120 203
116 4 0 124 66
228 158 0 197 90
86 129 0 219 168
55 60 0 228 86
252 197 0 12 219
71 86 0 224 136
66 152 0 202 72
91 65 0 124 254
29 125 0 207 27
82 131 0 168 175
138 193 0 240 198
102 119 0 193 157
247 127 0 220 78
52 200 0 140 100
185 237 0 114 1
150 137 0 100 38
167 67 0 204 102
183 182 0 228 34
185 200 0 152 221
236 12 0 68 52
132 186 0 228 242
34 154 0 151 125
231 208 0 47 37
26 129 0 41 234
168 104 0 238 53
219 6 0 188 245
105 135 0 153 75
32 92 0 160 21
13 166 0 48 216
213 175 0 149 120
217 95 0 38 150
251 84 0 202 167
197 49 0 199 196
114 222 0 229 41
208 248 0 48 70
21 62 0 31 86
21 66 0 71 3
3 20 0 195 231
208 124 0 227 178
181 56 0 144 129
127 143 0 108 218
135 83 0 32 191
119 93 0 62 90
28 5 0 182 225
70 133 0 34 90
133 163 0 107 142
212 82 0 189 96
206 189 0 61 66
181 34 0 154 57
210 35 0 228 60
47 112 0 115 252
34 79 0 106 104
33 123 0 46 27
120 235 0 137 18
203 129 0 178 229
121 199 0 17 118
130 145 0 194 11
201 174 0 85 69
131 62 0 19 103
138 112 0 203 235
208 177 0 5 187
177 65 0 124 96
76 26 0 25 188
141 79 0 241 204
94 59 0 75 50
74 118 0 62 45
118 157 0 64 244
88 36 0 186 153
59 252 0 94 28
8 54 0 133 245
94 227 0 162 166
171 236 0 120 149
254 184 0 223 23
130 185 0 191 220
13 60 0 193 254
61 31 0 237 22
236 197 0 3 122
46 94 0 176 181
45 219 0 43 92
225 121 0 46 61
72 38 0 212 174
237 168 0 110 150
116 53 0 114 34
151 159 0 71 210
1 163 0 32 126
171 6 0 255 235
77 25 0 26 253
102 200 0 102 203
108 64 0 203 128
219 117 0 198 192
31 19 0 190 197
231 207 0 196 32
215 48 0 107 115
199 172 0 15 25
21 30 0 140 114
2 243 0 173 141
85 42 0 133 247
169 203 0 231 179
11 86 0 158 77
200 149 0 142 67
249 23 0 140 49
105 147 0 59 154
113 126 0 232 71
194 94 0 54 116
166 145 0 148 251
199 176 0 52 6
162 216 0 145 169
121 59 0 180 244
108 135 0 176 143
193 226 0 195 115
33 22 0 79 203
36 162 0 139 46
35 192 0 168 246
93 135 0 198 80
32 80 0 54 66
218 203 0 194 112
17 61 0 15 45
128 97 0 154 47
93 192 0 114 137
85 253 0 241 200
88 112 0 215 180
179 53 0 169 221
152 242 0 57 166
212 81 0 167 201
201 165 0 140 33
127 102 0 186 202
7 200 0 220 44
200 197 0 19 69
31 24 0 49 15
13 105 0 201 216
44 44 0 197 96
241 3 0 169 121
35 130 0 246 206
240 37 0 128 24
3 91 0 204 228
32 54 0 167 10
191 199 0 236 178
133 161 0 99 19
123 156 0 101 191
65 215 0 96 125
34 153 0 68 74
218 130 0 180 172
136 22 0 229 240
1 151 0 9 229
161 189 0 159 176
217 65 0 247 8
92 187 0 220 197
183 97 0 124 66
23 91 0 157 174
249 22 0 6 89
197 232 0 238 42
21 175 0 92 16
155 49 0 184 87
107 141 0 93 208
65 93 0 61 231
239 75 0 255 115
135 88 0 140 40
163 17 0 185 108
89 10 0 73 253
240 46 0 2 125
43 200 0 112 243
28 142 0 87 216
155 34 0 80 132
202 119 0 15 63
71 68 0 146 142
151 71 0 43 63
103 168 0 239 204
241 187 0 24 229
252 237 0 84 16
74 159 0 33 57
2 236 0 244 75
20 112 0 238 94
118 234 0 34 81
55 195 0 199 24
91 192 0 63 145
192 157 0 198 107
153 86 0 226 132
44 153 0 37 74
155 56 0 164 7
55 197 0 175 195
27 53 0 163 229
22 218 0 230 121
37 182 0 171 46
158 2 0 18 136
224 15 0 112 48
9 56 0 165 11
170 91 0 225 52
139 129 0 68 114
194 20 0 46 135
123 62 0 224 196
139 197 0 185 8
35 18 0 91 194
72 127 0 196 69
41 19 0 48 215
179 86 0 166 159
39 49 0 220 44
103 121 0 74 161
164 78 0 203 98
31 75 0 38 233
249 206 0 34 165
31 91 0 210 224
187 251 0 195 88
142 12 0 89 70
29 42 0 122 94
168 198 0 160 185
131 255 0 78 248
94 4 0 118 67
158 159 0 37 94
217 214 0 160 242
86 29 0 242 102
27 145 0 242 248
22 83 0 182 163
236 205 0 28 199
167 56 0 208 117
17 8 0 106 206
151 2 0 85 14
99 63 0 234 29
167 80 0 64 81
192 176 0 6 106
67 22 0 188 138
172 202 0 78 46
116 239 0 102 126
6 3 0 164 162
227 138 0 14 124
34 128 0 254 123
80 66 0 174 25
210 241 0 121 113
47 178 0 131 26
181 173 0 75 207
171 124 0 121 234
24 43 0 16 201
241 237 0 112 28
220 88 0 47 42
73 159 0 204 64
16 72 0 1 176
116 163 0 27 133
202 107 0 105 135
177 143 0 33 37
1 22 0 73 151
50 210 0 216 250
64 171 0 129 165
89 71 0 67 171
170 47 0 43 50
2 240 0 225 169
234 61 0 161 184
75 65 0 169 222
197 80 0 57 82
82 140 0 236 112
75 190 0 48 182
63 89 0 141 101
182 225 0 207 171
148 78 0 173 235
33 131 0 26 212
237 6 0 155 57
207 142 0 224 198
169 234 0 125 254
75 48 0 217 211
29 215 0 118 116
177 75 0 161 194
29 64 0 31 238
165 241 0 4 5
55 116 0 45 252
230 177 0 221 163
98 207 0 154 41
188 40 0 2 251
199 87 0 147 136
103 72 0 92 129
15 42 0 67 5
3 65 0 20 168
145 170 0 163 75
88 213 0 77 200
23 5 0 22 114
223 96 0 75 92
11 119 0 15 66
133 123 0 104 81
85 134 0 163 90
78 210 0 202 48
153 185 0 180 64
68 103 0 154 194
248 33 0 55 75
137 237 0 224 3
198 8 0 205 244
138 27 0 129 232
12 208 0 14 204
168 117 0 123 221
244 103 0 153 202
66 175 0 39 127
73 243 0 107 127
55 19 0 164 113
132 254 0 56 71
3 215 0 188 201
117 229 0 3 62
1 234 0 140 108
219 82 0 153 199
112 156 0 11 87
18 14 0 124 41
106 75 0 222 39
154 6 0 79 52
139 187 0 237 74
2 165 0 202 47
219 189 0 198 221
113 255 0 251 64
237 232 0 69 233
180 29 0 250 209
24 107 0 238 181
173 73 0 145 216
105 49 0 167 58
245 160 0 145 91
243 129 0 221 91
114 99 0 28 109
32 121 0 95 43
83 84 0 191 91
9 98 0 137 26
212 32 0 178 100
210 254 0 129 208
82 9 0 251 36
254 168 0 183 60
219 124 0 190 158
233 210 0 80 121
17 43 0 46 67
202 184 0 241 30
19 68 0 103 183
74 94 0 171 230
120 223 0 221 36
157 73 0 5 43
37 189 0 252 59
44 5 0 134 116
95 135 0 31 237
138 33 0 51 197
3 138 0 4 192
20 254 0 49 172
172 99 0 210 93
252 168 0 132 161
203 232 0 40 213
211 213 0 12 106
187 134 0 127 249
110 144 0 252 145
36 135 0 80 245
142 113 0 219 145
239 93 0 153 255
205 153 0 57 127
96 244 0 214 94
172 251 0 61 253
180 156 0 171 64
186 246 0 34 145
171 167 0 152 195
131 223 0 158 219
192 88 0 231 157
227 184 0 197 125
165 168 0 16 252
253 198 0 124 57
207 23 0 42 10
22 62 0 186 201
234 86 0 142 74
41 155 0 143 253
101 254 0 3 4
65 45 0 118 180
138 73 0 113 26
207 216 0 201 61
63 103 0 22 167
45 28 0 24 149
20 48 0 212 27
170 219 0 240 232
52 113 0 93 73
50 109 0 180 113
229 98 0 199 255
119 90 0 103 56
30 210 0 206 167
244 148 0 102 4
96 48 0 140 22
44 136 0 228 107
61 97 0 71 157
149 196 0 18 130
82 57 0 173 158
172 58 0 225 87
42 143 0 236 176
90 177 0 45 136
88 189 0 23 164
27 203 0 226 63
104 86 0 7 13
201 248 0 29 135
151 175 0 108 49
99 201 0 145 32
209 199 0 171 119
229 11 0 97 63
141 191 0 113 85
86 162 0 158 103
62 190 0 3 26
194 150 0 234 139
3 123 0 180 48
241 37 0 73 141
69 169 0 226 24
123 97 0 193 167
166 79 0 25 154
246 99 0 17 227
199 234 0 139 159
75 187 0 229 28
80 178 0 107 205
219 70 0 197 231
81 94 0 242 42
97 133 0 114 137
6 95 0 81 17
206 229 0 180 239
179 248 0 150 146
209 3 0 66 165
80 148 0 69 91
39 188 0 81 191
117 140 0 249 252
85 185 0 126 199
13 60 0 229 135
11 181 0 135 237
193 52 0 108 50
29 73 0 120 44
19 101 0 202 202
191 100 0 17 23
195 171 0 77 85
124 250 0 247 236
97 45 0 78 59
193 44 0 192 67
74 98 0 214 41
78 154 0 118 193
112 10 0 154 179
135 138 0 67 17
145 160 0 99 205
21 251 0 107 30
118 242 0 177 97
68 142 0 108 232
86 133 0 1 57
230 132 0 40 149
36 154 0 163 210
114 165 0 70 166
30 230 0 208 213
131 214 0 198 31
29 67 0 46 246
197 189 0 174 23
245 223 0 143 17
5 143 0 119 38
7 60 0 223 8
203 121 0 101 251
46 196 0 51 191
216 221 0 81 232
186 203 0 142 115
249 142 0 103 185
149 67 0 149 56
114 86 0 20 202
161 109 0 60 135
21 38 0 173 224
241 140 0 124 114
16 222 0 208 177
82 200 0 156 248
249 30 0 82 57
120 143 0 217 201
157 47 0 12 198
75 101 0 101 119
233 149 0 218 84
120 150 0 227 123
61 128 0 105 89
90 220 0 82 196
234 21 0 2 221
158 92 0 158 189
11 206 0 124 232
226 119 0 234 2
120 54 0 191 136
38 73 0 139 151
162 138 0 32 81
112 87 0 197 195
203 111 0 185 92
167 131 0 112 166
34 121 0 228 143
182 51 0 50 31
84 78 0 175 195
11 63 0 6 108
43 42 0 142 245
213 92 0 233 86
100 57 0 203 113
91 148 0 28 111
190 42 0 92 236
77 93 0 224 222
157 16 0 7 15
182 49 0 216 93
124 130 0 120 250
226 222 0 56 228
129 245 0 139 63
44 247 0 50 27
152 14 0 75 15
241 103 0 232 134
4 59 0 240 38
60 28 0 183 210
70 139 0 113 190
195 104 0 223 226
106 149 0 6 127
175 59 0 185 58
159 166 0 189 237
234 237 0 139 108
182 151 0 167 233
233 26 0 92 140
160 88 0 75 25
54 90 0 49 150
36 205 0 199 122
173 218 0 42 254
105 74 0 239 46
175 77 0 200 119
144 231 0 198 146
13 169 0 104 159
33 49 0 50 141
206 15 0 156 37
206 104 0 217 33
120 129 0 44 86
227 22 0 106 112
47 199 0 150 21
76 36 0 242 12
56 156 0 209 163
16 6 0 240 191
50 30 0 96 8
197 125 0 48 99
16 163 0 152 177
153 204 0 69 131
167 159 0 188 230
202 139 0 30 110
212 63 0 109 55
125 239 0 79 82
201 78 0 72 204
162 125 0 166 161
89 188 0 193 44
220 106 0 71 126
89 73 0 251 64
77 88 0 29 21
8 143 0 96 230
2 69 0 74 56
123 252 0 105 121
12 43 0 41 111
180 245 0 226 69
117 198 0 83 15
49 241 0 64 160
26 141 0 75 138
154 229 0 25 94
158 150 0 101 33
187 191 0 209 59
233 153 0 8 23
111 207 0 3 78
237 103 0 208 159
187 181 0 229 214
209 203 0 122 139
141 190 0 37 164
233 105 0 155 179
1 61 0 21 143
181 84 0 63 87
174 216 0 227 160
118 23 0 120 26
22 120 0 247 174
28 34 0 92 142
47 255 0 83 44
63 85 0 119 111
20 186 0 197 227
60 115 0 27 136
16 20 0 177 73
167 25 0 99 155
56 118 0 232 37
32 124 0 210 112
89 115 0 84 237
44 142 0 109 191
1 250 0 101 94
173 9 0 180 8
11 56 0 18 151
155 66 0 92 255
150 7 0 38 90
65 74 0 111 68
143 235 0 35 150
86 4 0 247 59
89 192 0 71 47
73 254 0 204 143
231 161 0 68 70
174 235 0 236 183
197 32 0 70 117
210 164 0 53 103
193 94 0 181 252
56 239 0 60 158
109 57 0 202 126
65 217 0 202 124
189 22 0 130 152
32 141 0 140 198
190 116 0 253 187
137 70 0 20 184
176 57 0 5 92
84 120 0 204 8
148 154 0 93 173
64 46 0 255 21
205 190 0 21 139
97 91 0 84 226
60 244 0 247 181
44 140 0 238 59
195 71 0 153 42
3 40 0 14 18
234 188 0 53 128
75 72 0 175 194
179 110 0 9 147
35 209 0 154 75
73 36 0 229 14
179 36 0 217 255
72 114 0 41 146
172 111 0 166 74
134 93 0 80 98
132 110 0 200 232
30 83 0 59 79
203 83 0 99 16
13 200 0 8 30
228 128 0 117 38
234 150 0 222 24
68 175 0 79 115
134 54 0 120 128
44 166 0 249 116
74 203 0 191 168
99 52 0 2 207
74 164 0 209 188
44 151 0 252 14
19 131 0 32 38
220 192 0 120 77
59 31 0 71 172
183 246 0 82 108
151 25 0 16 236
233 192 0 229 103
33 4 0 152 37
146 71 0 252 240
232 214 0 69 196
41 105 0 141 23
144 44 0 143 199
119 22 0 230 210
221 97 0 185 43
114 162 0 223 214
202 47 0 232 122
191 52 0 52 222
254 225 0 179 130
208 158 0 56 92
129 106 0 157 210
73 228 0 156 111
66 121 0 231 173
4 81 0 54 159
238 160 0 34 15
211 70 0 233 52
240 144 0 210 70
166 80 0 139 34
116 242 0 147 253
80 21 0 117 142
44 92 0 47 202
149 245 0 118 123
86 198 0 185 101
156 171 0 190 216
76 143 0 43 58
251 54 0 51 184
159 188 0 25 106
192 9 0 76 150
210 178 0 168 29
64 105 0 153 190
35 60 0 145 203
255 59 0 1 119
207 225 0 241 249
174 252 0 214 177
107 161 0 217 168
30 138 0 115 83
83 213 0 53 3
225 199 0 249 1
141 171 0 215 192
152 230 0 201 228
205 28 0 85 42
102 39 0 231 189
50 240 0 163 179
161 211 0 225 119
153 125 0 143 250
141 73 0 72 27
148 143 0 185 57
195 179 0 78 201
162 69 0 172 154
125 179 0 205 227
155 188 0 151 88
8 183 0 116 219
63 167 0 159 86
176 74 0 157 194
169 35 0 15 206
32 155 0 108 153
182 61 0 45 82
128 45 0 26 103
121 173 0 252 153
99 233 0 12 1
85 121 0 144 113
53 194 0 47 5
212 103 0 73 254
106 249 0 82 139
247 114 0 16 16
252 67 0 224 203
186 148 0 109 229
2 31 0 134 15
79 118 0 202 7
218 112 0 58 43
143 78 0 176 164
21 209 0 129 220
36 171 0 192 121
152 6 0 152 147
215 145 0 150 222
32 161 0 124 129
27 157 0 227 227
148 67 0 226 236
91 156 0 168 154
54 63 0 177 254
247 51 0 170 41
35 65 0 96 158
88 35 0 21 122
19 201 0 227 12
61 87 0 55 28
24 12 0 10 23
112 98 0 185 49
62 207 0 14 2
7 172 0 193 10
162 157 0 164 151
25 46 0 143 215
40 112 0 118 225
118 161 0 145 162
65 170 0 48 229
225 181 0 136 225
49 50 0 9 124
78 111 0 69 102
29 61 0 240 73
80 189 0 159 92
189 39 0 135 9
229 151 0 19 48
252 111 0 198 158
21 60 0 161 198
102 51 0 104 247
67 34 0 168 221
125 93 0 255 255
199 54 0 118 77
99 187 0 118 14
205 83 0 51 165
189 100 0 111 198
240 175 0 70 122
59 242 0 79 95
225 91 0 147 174
246 52 0 161 86
54 176 0 175 106
168 115 0 129 60
110 35 0 255 182
9 51 0 182 128
52 223 0 215 155
19 39 0 246 160
192 8 0 178 241
247 41 0 88 237
18 26 0 242 124
26 187 0 184 103
161 65 0 76 161
200 255 0 74 128
6 132 0 177 49
169 24 0 197 31
9 255 0 154 167
213 185 0 168 21
175 70 0 68 144
178 155 0 113 188
161 95 0 23 132
140 183 0 221 196
164 196 0 216 246
202 171 0 82 170
6 134 0 25 102
182 66 0 95 114
8 23 0 183 6
94 38 0 125 205
180 117 0 207 194
16 159 0 71 233
77 197 0 24 138
116 253 0 117 57
127 143 0 130 113
16 242 0 115 223
162 195 0 216 249
202 123 0 219 51
107 251 0 89 27
202 172 0 17 7
223 252 0 210 238
252 34 0 52 121
27 231 0 254 250
145 222 0 243 220
204 11 0 218 55
253 89 0 174 37
34 189 0 170 34
196 116 0 3 225
177 22 0 188 23
155 47 0 47 188
138 199 0 210 213
110 229 0 241 154
207 222 0 174 119
57 92 0 156 235
221 52 0 13 51
151 225 0 118 215
88 150 0 176 100
152 37 0 183 188
80 97 0 229 25
80 82 0 232 32
94 215 0 157 38
197 239 0 20 10
162 191 0 17 30
209 160 0 29 148
189 202 0 49 97
103 33 0 123 23
50 225 0 100 218
235 27 0 243 152
157 73 0 28 62
192 102 0 105 219
206 93 0 149 235
6 242 0 205 110
223 133 0 37 52
52 59 0 123 174
233 50 0 106 248
174 223 0 24 144
46 16 0 43 215
9 205 0 235 146
59 80 0 168 122
181 162 0 146 7
41 100 0 86 131
67 182 0 178 213
206 47 0 11 44
88 5 0 169 112
33 25 0 59 158
48 70 0 125 16
1 176 0 53 49
81 174 0 199 246
127 1 0 87 58
68 176 0 45 224
176 16 0 249 56
244 248 0 204 174
95 211 0 25 219
79 190 0 69 156
60 157 0 17 172
15 154 0 120 11
109 228 0 171 236
93 148 0 180 99
