231 217 0 200 236
65 35 0 58 26
6 175 0 167 247
205 34 0 52 18
255 145 0 91 98
15 19 0 119 112
199 84 0 120 33
94 45 0 109 92
251 87 0 96 150
174 136 0 201 254
31 192 0 219 183
101 102 0 202 44
207 6 0 39 184
22 100 0 83 13
133 44 0 130 209
169 183 0 93 46
89 52 0 244 30
8 219 0 102 201
139 37 0 183 42
95 240 0 67 244
66 152 0 142 173
104 87 0 247 80
192 180 0 88 127
164 78 0 14 48
198 125 0 96 131
57 144 0 23 160
96 157 0 188 99
162 167 0 133 141
26 251 0 60 241
208 35 0 123 2
89 31 0 134 116
45 136 0 72 80
211 172 0 216 238
11 38 0 203 92
96 191 0 16 164
21 149 0 183 182
201 217 0 141 155
159 109 0 27 158
172 183 0 56 109
149 108 0 46 47
32 182 0 173 228
111 62 0 147 96
9 221 0 2 236
54 104 0 60 136
48 193 0 107 94
64 98 0 255 224
175 24 0 237 110
182 53 0 132 242
174 51 0 235 213
174 106 0 23 250
182 48 0 10 50
222 69 0 59 206
159 5 0 179 136
209 185 0 87 238
39 199 0 17 229
213 75 0 16 42
176 189 0 152 10
110 1 0 244 43
16 171 0 70 121
230 95 0 211 152
80 13 0 217 241
47 136 0 191 195
183 152 0 116 254
248 54 0 157 230
50 150 0 124 105
109 85 0 29 88
137 117 0 137 64
17 177 0 172 210
217 205 0 14 128
236 119 0 170 224
27 170 0 134 118
220 215 0 145 218
90 211 0 67 125
16 89 0 166 204
170 103 0 71 89
125 226 0 196 12
71 33 0 229 112
29 18 0 99 120
218 5 0 90 178
87 218 0 189 240
140 11 0 34 166
72 50 0 229 38
113 63 0 99 63
51 192 0 215 7
155 126 0 234 208
242 161 0 233 183
41 41 0 189 78
191 225 0 224 139
1 95 0 33 166
49 90 0 113 176
230 44 0 81 138
112 172 0 194 240
235 222 0 239 142
8 111 0 106 95
142 194 0 219 87
250 21 0 210 66
48 56 0 249 100
194 123 0 126 34
146 208 0 83 247
217 22 0 38 211
234 152 0 115 194
39 244 0 124 237
253 45 0 1 129
81 123 0 124 207
1 154 0 143 103
104 36 0 217 223
244 165 0 152 178
206 82 0 72 219
169 15 0 176 130
98 190 0 133 214
253 41 0 168 174
171 161 0 253 211
134 66 0 201 15
56 182 0 29 130
144 2 0 96 228
120 248 0 65 73
27 29 0 248 85
176 108 0 103 110
220 136 0 51 41
208 208 0 220 9
216 19 0 6 250
244 59 0 251 221
35 133 0 227 83
29 242 0 75 251
171 223 0 19 155
97 188 0 191 54
16 71 0 159 30
57 23 0 242 184
154 147 0 41 141
55 189 0 55 93
161 207 0 126 249
28 192 0 181 107
85 116 0 214 110
81 176 0 26 126
19 157 0 197 37
126 155 0 159 151
109 11 0 206 137
42 59 0 166 41
124 195 0 179 122
223 198 0 116 170
201 50 0 191 136
109 49 0 85 55
224 140 0 176 61
42 148 0 117 155
35 215 0 170 215
40 35 0 4 153
162 118 0 41 23
56 73 0 172 248
2 158 0 61 139
63 126 0 45 248
116 17 0 155 123
131 185 0 146 123
6 160 0 195 136
202 103 0 134 43
140 158 0 80 225
220 74 0 28 203
217 139 0 87 250
240 5 0 84 124
110 100 0 141 1
109 50 0 109 106
114 128 0 88 247
188 43 0 224 151
151 105 0 227 237
53 27 0 51 140
103 37 0 201 240
195 125 0 88 21
234 158 0 56 85
11 211 0 113 38
96 189 0 55 127
45 184 0 10 31
145 173 0 231 202
41 248 0 124 72
250 208 0 68 245
157 131 0 140 144
199 59 0 81 221
65 124 0 231 185
204 52 0 50 64
81 218 0 249 114
196 86 0 120 236
20 86 0 162 183
4 252 0 142 92
106 47 0 252 69
8 97 0 119 69
246 124 0 255 228
75 144 0 151 80
107 200 0 228 228
182 232 0 233 254
36 246 0 25 22
1 96 0 124 30
62 166 0 198 122
31 191 0 255 51
109 229 0 188 2
24 255 0 146 105
125 135 0 54 125
57 11 0 43 152
27 99 0 168 84
57 238 0 247 49
241 150 0 5 193
196 132 0 195 237
66 47 0 99 204
5 8 0 194 58
105 7 0 144 200
111 94 0 52 222
222 154 0 149 209
193 76 0 184 208
111 77 0 150 188
148 178 0 86 185
56 210 0 109 82
30 29 0 186 96
213 232 0 5 98
111 254 0 118 67
130 197 0 77 115
112 78 0 22 61
29 75 0 240 42
133 174 0 148 50
246 149 0 175 119
213 104 0 96 108
101 82 0 80 232
36 137 0 3 145
32 32 0 78 7
123 24 0 54 96
170 77 0 61 103
59 213 0 46 210
151 103 0 97 83
241 48 0 215 159
99 138 0 36 74
59 148 0 116 10
175 220 0 125 13
102 73 0 177 184
212 222 0 129 127
128 109 0 249 229
69 126 0 213 168
81 148 0 223 200
217 38 0 245 74
245 230 0 109 176
86 46 0 116 11
24 190 0 91 224
84 230 0 160 106
102 24 0 49 225
255 19 0 33 81
23 76 0 178 214
90 90 0 13 192
154 229 0 198 57
190 253 0 245 17
211 6 0 154 31
238 249 0 104 99
83 85 0 115 166
12 19 0 9 183
236 5 0 220 18
243 179 0 152 234
15 248 0 167 201
207 127 0 74 54
102 45 0 85 31
97 5 0 18 173
75 184 0 107 186
67 112 0 211 110
167 253 0 146 104
68 82 0 45 140
127 213 0 168 92
65 70 0 184 32
141 209 0 178 245
183 235 0 21 211
186 51 0 37 42
145 170 0 168 92
3 230 0 67 116
229 255 0 47 213
232 106 0 228 115
8 165 0 100 236
102 44 0 119 83
129 154 0 97 195
102 167 0 161 59
121 171 0 174 30
119 45 0 188 43
132 47 0 14 18
163 65 0 49 6
194 222 0 142 144
149 244 0 14 230
161 250 0 26 213
199 217 0 52 212
203 238 0 66 17
208 75 0 142 185
130 144 0 30 163
213 156 0 176 142
211 16 0 58 232
102 233 0 162 24
109 189 0 123 133
215 186 0 117 186
2 128 0 165 105
77 77 0 38 48
209 176 0 224 221
146 75 0 192 130
159 254 0 86 209
62 247 0 16 150
79 68 0 118 32
70 244 0 14 89
139 191 0 60 8
7 29 0 40 173
133 97 0 133 235
229 11 0 155 40
202 211 0 30 119
244 192 0 171 69
172 159 0 113 23
184 59 0 241 187
170 170 0 226 193
113 114 0 168 45
128 67 0 244 245
117 7 0 131 221
81 4 0 100 57
2 82 0 249 3
217 16 0 33 7
48 216 0 174 215
156 59 0 54 5
222 153 0 15 110
207 11 0 168 173
181 116 0 23 51
192 125 0 237 242
234 184 0 105 84
7 102 0 238 173
11 32 0 172 238
66 49 0 154 117
114 38 0 227 66
249 79 0 215 35
51 176 0 217 129
179 44 0 114 125
105 2 0 181 85
93 116 0 88 111
49 186 0 178 131
201 218 0 191 216
155 44 0 236 38
209 97 0 134 160
220 232 0 31 187
96 44 0 59 211
159 134 0 62 78
58 177 0 239 85
50 107 0 21 73
95 2 0 106 255
87 182 0 4 172
64 64 0 89 188
148 92 0 191 244
70 226 0 111 124
188 180 0 132 75
174 134 0 83 65
81 3 0 120 198
38 73 0 20 106
249 68 0 134 102
179 88 0 218 76
204 227 0 65 223
49 212 0 121 74
80 55 0 94 56
84 154 0 87 194
218 186 0 171 213
24 112 0 57 50
1 158 0 207 128
80 34 0 201 215
244 56 0 63 45
215 144 0 233 241
234 150 0 217 235
134 82 0 118 170
15 130 0 19 147
234 217 0 62 221
166 112 0 36 35
177 93 0 188 38
123 48 0 239 227
31 77 0 124 61
88 95 0 240 180
171 200 0 136 29
191 90 0 152 130
216 73 0 126 141
157 128 0 127 99
240 13 0 246 92
227 142 0 185 164
37 230 0 86 82
85 69 0 76 170
191 214 0 249 20
142 174 0 80 215
178 109 0 26 30
26 59 0 217 139
37 182 0 66 49
2 187 0 15 235
124 97 0 152 118
82 41 0 115 142
26 100 0 137 79
175 239 0 15 21
57 30 0 213 136
129 46 0 126 70
198 108 0 7 188
78 89 0 57 253
218 23 0 195 1
113 28 0 247 90
8 95 0 113 243
192 143 0 183 23
213 114 0 21 228
32 59 0 65 171
79 79 0 49 90
129 250 0 178 60
59 94 0 102 155
201 118 0 31 237
247 241 0 3 240
236 62 0 18 134
147 112 0 237 99
80 101 0 59 76
15 11 0 24 248
131 187 0 190 243
242 76 0 220 90
156 23 0 139 117
44 81 0 151 247
199 87 0 198 66
118 3 0 57 168
113 132 0 97 51
163 36 0 61 83
26 70 0 190 56
7 48 0 110 112
224 19 0 138 41
10 107 0 48 203
112 83 0 214 73
77 178 0 247 188
106 177 0 244 224
123 71 0 162 173
218 186 0 211 112
25 196 0 254 194
55 55 0 201 15
150 66 0 35 137
110 46 0 8 253
246 138 0 99 131
167 32 0 100 184
25 127 0 86 158
95 249 0 59 49
90 198 0 27 197
111 64 0 196 40
134 193 0 169 253
64 59 0 111 165
57 79 0 225 146
225 184 0 60 77
122 71 0 158 243
171 33 0 63 191
195 178 0 8 223
224 142 0 113 183
53 128 0 89 149
191 7 0 231 237
185 84 0 210 202
7 37 0 62 229
88 162 0 87 147
236 66 0 155 228
160 44 0 81 165
168 166 0 180 58
190 98 0 135 162
224 179 0 10 20
110 18 0 190 101
203 91 0 199 225
243 242 0 97 228
134 247 0 89 87
103 51 0 104 108
247 226 0 138 173
78 177 0 14 73
145 3 0 117 65
19 114 0 46 235
19 236 0 241 228
55 158 0 145 107
15 58 0 155 111
215 147 0 251 183
133 51 0 61 77
5 47 0 175 59
56 245 0 121 81
101 199 0 240 194
156 176 0 242 61
245 54 0 253 111
139 187 0 227 62
59 199 0 240 170
40 75 0 53 66
50 29 0 64 127
109 206 0 6 196
190 223 0 69 147
206 245 0 154 123
120 125 0 16 96
23 174 0 96 116
41 216 0 181 161
45 104 0 99 64
216 170 0 64 94
16 105 0 248 9
58 158 0 125 120
252 147 0 22 114
216 37 0 198 147
104 137 0 181 12
148 120 0 185 147
42 126 0 201 122
137 39 0 2 81
60 123 0 244 84
17 129 0 104 192
21 20 0 4 181
227 230 0 164 36
136 221 0 134 132
137 26 0 66 189
98 127 0 48 190
100 164 0 185 27
243 166 0 121 82
87 231 0 183 113
109 120 0 139 39
240 76 0 6 149
165 132 0 39 68
253 208 0 184 219
64 190 0 102 26
78 241 0 81 195
164 137 0 12 246
142 99 0 100 127
129 60 0 95 170
215 158 0 103 217
111 240 0 42 247
212 89 0 123 18
107 102 0 133 79
89 177 0 66 156
233 24 0 57 227
80 120 0 57 108
