27 62 17 52 16 173 98 223
198 32 28 250 83 8 80 11
49 239 22 200 238 237 110 109
167 57 109 243 239 100 7 140
59 147 44 132 221 127 115 209
145 49 167 7 171 55 246 106
82 38 65 53 2 225 223 60
39 108 210 153 154 172 230 208
51 201 33 219 68 174 114 152
175 94 136 121 208 174 83 45
85 30 234 161 210 119 109 200
8 234 22 244 39 189 175 53
119 174 146 75 214 117 175 12
191 183 182 190 100 22 35 81
148 63 160 11 172 144 116 72
164 39 219 88 178 64 62 204
58 187 29 156 127 186 169 108
235 183 192 156 97 33 223 159
94 5 34 121 113 151 225 7
192 205 33 44 223 88 121 254
165 70 153 122 136 89 165 116
180 24 131 47 80 116 54 18
247 45 237 55 160 60 223 67
236 180 177 233 105 34 1 74
53 16 84 113 103 4 242 145
231 133 50 80 75 143 85 145
105 249 66 210 211 15 150 74
81 73 139 147 194 173 243 156
245 212 223 254 16 218 94 148
192 180 184 204 61 170 53 162
188 34 157 3 28 79 183 228
17 131 216 74 201 177 118 14
82 157 216 23 41 123 196 150
235 237 76 74 204 58 56 206
34 155 126 199 50 81 154 249
79 59 89 45 69 238 185 18
219 224 214 237 25 48 158 183
236 58 154 76 65 37 146 246
146 111 245 8 215 59 187 87
186 63 159 26 163 140 75 100
172 93 212 37 13 222 167 116
67 124 116 75 100 236 138 2
4 206 171 97 26 212 164 106
128 21 4 145 169 72 69 164
117 252 252 117 188 81 160 77
80 126 11 37 49 195 142 124
16 155 221 86 28 251 177 86
122 240 170 32 43 70 75 38
166 137 144 191 129 109 73 165
90 106 102 86 155 32 30 165
129 159 38 56 240 75 102 221
25 149 109 225 238 113 27 132
38 223 95 166 78 229 141 38
65 77 124 112 247 41 132 90
180 122 215 25 218 87 78 195
159 92 12 207 60 23 208 251
103 229 148 22 44 34 83 93
21 94 158 213 213 148 243 178
67 94 1 28 119 138 94 163
221 135 151 205 166 43 193 76
26 202 125 173 118 250 220 80
62 50 27 23 34 49 97 114
244 103 5 150 163 209 76 62
39 140 173 6 233 199 144 190
204 8 193 5 152 166 185 135
130 92 176 110 44 131 164 11
37 207 48 218 47 57 114 100
143 177 229 219 8 136 145 17
1 208 44 253 125 208 42 135
128 179 206 253 102 21 232 155
148 76 253 37 35 43 81 89
100 42 124 50 174 26 147 39
85 166 191 76 126 224 220 66
121 83 43 1 213 129 6 82
87 10 92 1 47 85 196 190
53 198 55 196 74 171 159 126
108 146 98 156 24 156 128 4
189 8 82 231 225 229 173 169
76 220 11 155 146 178 84 116
207 26 249 44 44 12 213 245