231 217 200 236 65 0 0 
35 58 26 6 175 0 0 
167 247 205 34 52 0 0 
18 255 145 91 98 0 0 
0 0 0 0 0 0 0

15 19 119 112 199 0 0 
84 120 33 94 45 0 0 
109 92 251 87 96 0 0 
150 174 136 201 254 0 0 
0 0 0 0 0 0 0

31 192 219 183 101 0 0 
102 202 44 207 6 0 0 
39 184 22 100 83 0 0 
13 133 44 130 209 0 0 
0 0 0 0 0 0 0

169 183 93 46 89 0 0 
52 244 30 8 219 0 0 
102 201 139 37 183 0 0 
42 95 240 67 244 0 0 
0 0 0 0 0 0 0

66 152 142 173 104 0 0 
87 247 80 192 180 0 0 
88 127 164 78 14 0 0 
48 198 125 96 131 0 0 
0 0 0 0 0 0 0

57 144 23 160 96 0 0 
157 188 99 162 167 0 0 
133 141 26 251 60 0 0 
241 208 35 123 2 0 0 
0 0 0 0 0 0 0

89 31 134 116 45 0 0 
136 72 80 211 172 0 0 
216 238 11 38 203 0 0 
92 96 191 16 164 0 0 
0 0 0 0 0 0 0

21 149 183 182 201 0 0 
217 141 155 159 109 0 0 
27 158 172 183 56 0 0 
109 149 108 46 47 0 0 
0 0 0 0 0 0 0

32 182 173 228 111 0 0 
62 147 96 9 221 0 0 
2 236 54 104 60 0 0 
136 48 193 107 94 0 0 
0 0 0 0 0 0 0

64 98 255 224 175 0 0 
24 237 110 182 53 0 0 
132 242 174 51 235 0 0 
213 174 106 23 250 0 0 
0 0 0 0 0 0 0

182 48 10 50 222 0 0 
69 59 206 159 5 0 0 
179 136 209 185 87 0 0 
238 39 199 17 229 0 0 
0 0 0 0 0 0 0

213 75 16 42 176 0 0 
189 152 10 110 1 0 0 
244 43 16 171 70 0 0 
121 230 95 211 152 0 0 
0 0 0 0 0 0 0

80 13 217 241 47 0 0 
136 191 195 183 152 0 0 
116 254 248 54 157 0 0 
230 50 150 124 105 0 0 
0 0 0 0 0 0 0

109 85 29 88 137 0 0 
117 137 64 17 177 0 0 
172 210 217 205 14 0 0 
128 236 119 170 224 0 0 
0 0 0 0 0 0 0

27 170 134 118 220 0 0 
215 145 218 90 211 0 0 
67 125 16 89 166 0 0 
204 170 103 71 89 0 0 
0 0 0 0 0 0 0

125 226 196 12 71 0 0 
33 229 112 29 18 0 0 
99 120 218 5 90 0 0 
178 87 218 189 240 0 0 
0 0 0 0 0 0 0

140 11 34 166 72 0 0 
50 229 38 113 63 0 0 
99 63 51 192 215 0 0 
7 155 126 234 208 0 0 
0 0 0 0 0 0 0

242 161 233 183 41 0 0 
41 189 78 191 225 0 0 
224 139 1 95 33 0 0 
166 49 90 113 176 0 0 
0 0 0 0 0 0 0

230 44 81 138 112 0 0 
172 194 240 235 222 0 0 
239 142 8 111 106 0 0 
95 142 194 219 87 0 0 
0 0 0 0 0 0 0

250 21 210 66 48 0 0 
56 249 100 194 123 0 0 
126 34 146 208 83 0 0 
247 217 22 38 211 0 0 
0 0 0 0 0 0 0

234 152 115 194 39 0 0 
244 124 237 253 45 0 0 
1 129 81 123 124 0 0 
207 1 154 143 103 0 0 
0 0 0 0 0 0 0

104 36 217 223 244 0 0 
165 152 178 206 82 0 0 
72 219 169 15 176 0 0 
130 98 190 133 214 0 0 
0 0 0 0 0 0 0

253 41 168 174 171 0 0 
161 253 211 134 66 0 0 
201 15 56 182 29 0 0 
130 144 2 96 228 0 0 
0 0 0 0 0 0 0

120 248 65 73 27 0 0 
29 248 85 176 108 0 0 
103 110 220 136 51 0 0 
41 208 208 220 9 0 0 
0 0 0 0 0 0 0

216 19 6 250 244 0 0 
59 251 221 35 133 0 0 
227 83 29 242 75 0 0 
251 171 223 19 155 0 0 
0 0 0 0 0 0 0

97 188 191 54 16 0 0 
71 159 30 57 23 0 0 
242 184 154 147 41 0 0 
141 55 189 55 93 0 0 
0 0 0 0 0 0 0

161 207 126 249 28 0 0 
192 181 107 85 116 0 0 
214 110 81 176 26 0 0 
126 19 157 197 37 0 0 
0 0 0 0 0 0 0

126 155 159 151 109 0 0 
11 206 137 42 59 0 0 
166 41 124 195 179 0 0 
122 223 198 116 170 0 0 
0 0 0 0 0 0 0

201 50 191 136 109 0 0 
49 85 55 224 140 0 0 
176 61 42 148 117 0 0 
155 35 215 170 215 0 0 
0 0 0 0 0 0 0

40 35 4 153 162 0 0 
118 41 23 56 73 0 0 
172 248 2 158 61 0 0 
139 63 126 45 248 0 0 
0 0 0 0 0 0 0

116 17 155 123 131 0 0 
185 146 123 6 160 0 0 
195 136 202 103 134 0 0 
43 140 158 80 225 0 0 
0 0 0 0 0 0 0

220 74 28 203 217 0 0 
139 87 250 240 5 0 0 
84 124 110 100 141 0 0 
1 109 50 109 106 0 0 
0 0 0 0 0 0 0

114 128 88 247 188 0 0 
43 224 151 151 105 0 0 
227 237 53 27 51 0 0 
140 103 37 201 240 0 0 
0 0 0 0 0 0 0

195 125 88 21 234 0 0 
158 56 85 11 211 0 0 
113 38 96 189 55 0 0 
127 45 184 10 31 0 0 
0 0 0 0 0 0 0

145 173 231 202 41 0 0 
248 124 72 250 208 0 0 
68 245 157 131 140 0 0 
144 199 59 81 221 0 0 
0 0 0 0 0 0 0

65 124 231 185 204 0 0 
52 50 64 81 218 0 0 
249 114 196 86 120 0 0 
236 20 86 162 183 0 0 
0 0 0 0 0 0 0

4 252 142 92 106 0 0 
47 252 69 8 97 0 0 
119 69 246 124 255 0 0 
228 75 144 151 80 0 0 
0 0 0 0 0 0 0

107 200 228 228 182 0 0 
232 233 254 36 246 0 0 
25 22 1 96 124 0 0 
30 62 166 198 122 0 0 
0 0 0 0 0 0 0

31 191 255 51 109 0 0 
229 188 2 24 255 0 0 
146 105 125 135 54 0 0 
125 57 11 43 152 0 0 
0 0 0 0 0 0 0

27 99 168 84 57 0 0 
238 247 49 241 150 0 0 
5 193 196 132 195 0 0 
237 66 47 99 204 0 0 
0 0 0 0 0 0 0

5 8 194 58 105 0 0 
7 144 200 111 94 0 0 
52 222 222 154 149 0 0 
209 193 76 184 208 0 0 
0 0 0 0 0 0 0

111 77 150 188 148 0 0 
178 86 185 56 210 0 0 
109 82 30 29 186 0 0 
96 213 232 5 98 0 0 
0 0 0 0 0 0 0

111 254 118 67 130 0 0 
197 77 115 112 78 0 0 
22 61 29 75 240 0 0 
42 133 174 148 50 0 0 
0 0 0 0 0 0 0

246 149 175 119 213 0 0 
104 96 108 101 82 0 0 
80 232 36 137 3 0 0 
145 32 32 78 7 0 0 
0 0 0 0 0 0 0

123 24 54 96 170 0 0 
77 61 103 59 213 0 0 
46 210 151 103 97 0 0 
83 241 48 215 159 0 0 
0 0 0 0 0 0 0

99 138 36 74 59 0 0 
148 116 10 175 220 0 0 
125 13 102 73 177 0 0 
184 212 222 129 127 0 0 
0 0 0 0 0 0 0

128 109 249 229 69 0 0 
126 213 168 81 148 0 0 
223 200 217 38 245 0 0 
74 245 230 109 176 0 0 
0 0 0 0 0 0 0

86 46 116 11 24 0 0 
190 91 224 84 230 0 0 
160 106 102 24 49 0 0 
225 255 19 33 81 0 0 
0 0 0 0 0 0 0

23 76 178 214 90 0 0 
90 13 192 154 229 0 0 
198 57 190 253 245 0 0 
17 211 6 154 31 0 0 
0 0 0 0 0 0 0

238 249 104 99 83 0 0 
85 115 166 12 19 0 0 
9 183 236 5 220 0 0 
18 243 179 152 234 0 0 
0 0 0 0 0 0 0

15 248 167 201 207 0 0 
127 74 54 102 45 0 0 
85 31 97 5 18 0 0 
173 75 184 107 186 0 0 
0 0 0 0 0 0 0

67 112 211 110 167 0 0 
253 146 104 68 82 0 0 
45 140 127 213 168 0 0 
92 65 70 184 32 0 0 
0 0 0 0 0 0 0

141 209 178 245 183 0 0 
235 21 211 186 51 0 0 
37 42 145 170 168 0 0 
92 3 230 67 116 0 0 
0 0 0 0 0 0 0

229 255 47 213 232 0 0 
106 228 115 8 165 0 0 
100 236 102 44 119 0 0 
83 129 154 97 195 0 0 
0 0 0 0 0 0 0

102 167 161 59 121 0 0 
171 174 30 119 45 0 0 
188 43 132 47 14 0 0 
18 163 65 49 6 0 0 
0 0 0 0 0 0 0

194 222 142 144 149 0 0 
244 14 230 161 250 0 0 
26 213 199 217 52 0 0 
212 203 238 66 17 0 0 
0 0 0 0 0 0 0

208 75 142 185 130 0 0 
144 30 163 213 156 0 0 
176 142 211 16 58 0 0 
232 102 233 162 24 0 0 
0 0 0 0 0 0 0

109 189 123 133 215 0 0 
186 117 186 2 128 0 0 
165 105 77 77 38 0 0 
48 209 176 224 221 0 0 
0 0 0 0 0 0 0

146 75 192 130 159 0 0 
254 86 209 62 247 0 0 
16 150 79 68 118 0 0 
32 70 244 14 89 0 0 
0 0 0 0 0 0 0

139 191 60 8 7 0 0 
29 40 173 133 97 0 0 
133 235 229 11 155 0 0 
40 202 211 30 119 0 0 
0 0 0 0 0 0 0

244 192 171 69 172 0 0 
159 113 23 184 59 0 0 
241 187 170 170 226 0 0 
193 113 114 168 45 0 0 
0 0 0 0 0 0 0

128 67 244 245 117 0 0 
7 131 221 81 4 0 0 
100 57 2 82 249 0 0 
3 217 16 33 7 0 0 
0 0 0 0 0 0 0

48 216 174 215 156 0 0 
59 54 5 222 153 0 0 
15 110 207 11 168 0 0 
173 181 116 23 51 0 0 
0 0 0 0 0 0 0

192 125 237 242 234 0 0 
184 105 84 7 102 0 0 
238 173 11 32 172 0 0 
238 66 49 154 117 0 0 
0 0 0 0 0 0 0

114 38 227 66 249 0 0 
79 215 35 51 176 0 0 
217 129 179 44 114 0 0 
125 105 2 181 85 0 0 
0 0 0 0 0 0 0

93 116 88 111 49 0 0 
186 178 131 201 218 0 0 
191 216 155 44 236 0 0 
38 209 97 134 160 0 0 
0 0 0 0 0 0 0

220 232 31 187 96 0 0 
44 59 211 159 134 0 0 
62 78 58 177 239 0 0 
85 50 107 21 73 0 0 
0 0 0 0 0 0 0

95 2 106 255 87 0 0 
182 4 172 64 64 0 0 
89 188 148 92 191 0 0 
244 70 226 111 124 0 0 
0 0 0 0 0 0 0

188 180 132 75 174 0 0 
134 83 65 81 3 0 0 
120 198 38 73 20 0 0 
106 249 68 134 102 0 0 
0 0 0 0 0 0 0

179 88 218 76 204 0 0 
227 65 223 49 212 0 0 
121 74 80 55 94 0 0 
56 84 154 87 194 0 0 
0 0 0 0 0 0 0

218 186 171 213 24 0 0 
112 57 50 1 158 0 0 
207 128 80 34 201 0 0 
215 244 56 63 45 0 0 
0 0 0 0 0 0 0

215 144 233 241 234 0 0 
150 217 235 134 82 0 0 
118 170 15 130 19 0 0 
147 234 217 62 221 0 0 
0 0 0 0 0 0 0

166 112 36 35 177 0 0 
93 188 38 123 48 0 0 
239 227 31 77 124 0 0 
61 88 95 240 180 0 0 
0 0 0 0 0 0 0

171 200 136 29 191 0 0 
90 152 130 216 73 0 0 
126 141 157 128 127 0 0 
99 240 13 246 92 0 0 
0 0 0 0 0 0 0

227 142 185 164 37 0 0 
230 86 82 85 69 0 0 
76 170 191 214 249 0 0 
20 142 174 80 215 0 0 
0 0 0 0 0 0 0

178 109 26 30 26 0 0 
59 217 139 37 182 0 0 
66 49 2 187 15 0 0 
235 124 97 152 118 0 0 
0 0 0 0 0 0 0

82 41 115 142 26 0 0 
100 137 79 175 239 0 0 
15 21 57 30 213 0 0 
136 129 46 126 70 0 0 
0 0 0 0 0 0 0

198 108 7 188 78 0 0 
89 57 253 218 23 0 0 
195 1 113 28 247 0 0 
90 8 95 113 243 0 0 
0 0 0 0 0 0 0

192 143 183 23 213 0 0 
114 21 228 32 59 0 0 
65 171 79 79 49 0 0 
90 129 250 178 60 0 0 
0 0 0 0 0 0 0

59 94 102 155 201 0 0 
118 31 237 247 241 0 0 
3 240 236 62 18 0 0 
134 147 112 237 99 0 0 
0 0 0 0 0 0 0

80 101 59 76 15 0 0 
11 24 248 131 187 0 0 
190 243 242 76 220 0 0 
90 156 23 139 117 0 0 
0 0 0 0 0 0 0

44 81 151 247 199 0 0 
87 198 66 118 3 0 0 
57 168 113 132 97 0 0 
51 163 36 61 83 0 0 
0 0 0 0 0 0 0

26 70 190 56 7 0 0 
48 110 112 224 19 0 0 
138 41 10 107 48 0 0 
203 112 83 214 73 0 0 
0 0 0 0 0 0 0

77 178 247 188 106 0 0 
177 244 224 123 71 0 0 
162 173 218 186 211 0 0 
112 25 196 254 194 0 0 
0 0 0 0 0 0 0

55 55 201 15 150 0 0 
66 35 137 110 46 0 0 
8 253 246 138 99 0 0 
131 167 32 100 184 0 0 
0 0 0 0 0 0 0

25 127 86 158 95 0 0 
249 59 49 90 198 0 0 
27 197 111 64 196 0 0 
40 134 193 169 253 0 0 
0 0 0 0 0 0 0

64 59 111 165 57 0 0 
79 225 146 225 184 0 0 
60 77 122 71 158 0 0 
243 171 33 63 191 0 0 
0 0 0 0 0 0 0

195 178 8 223 224 0 0 
142 113 183 53 128 0 0 
89 149 191 7 231 0 0 
237 185 84 210 202 0 0 
0 0 0 0 0 0 0

7 37 62 229 88 0 0 
162 87 147 236 66 0 0 
155 228 160 44 81 0 0 
165 168 166 180 58 0 0 
0 0 0 0 0 0 0

190 98 135 162 224 0 0 
179 10 20 110 18 0 0 
190 101 203 91 199 0 0 
225 243 242 97 228 0 0 
0 0 0 0 0 0 0

134 247 89 87 103 0 0 
51 104 108 247 226 0 0 
138 173 78 177 14 0 0 
73 145 3 117 65 0 0 
0 0 0 0 0 0 0

19 114 46 235 19 0 0 
236 241 228 55 158 0 0 
145 107 15 58 155 0 0 
111 215 147 251 183 0 0 
0 0 0 0 0 0 0

133 51 61 77 5 0 0 
47 175 59 56 245 0 0 
121 81 101 199 240 0 0 
194 156 176 242 61 0 0 
0 0 0 0 0 0 0

245 54 253 111 139 0 0 
187 227 62 59 199 0 0 
240 170 40 75 53 0 0 
66 50 29 64 127 0 0 
0 0 0 0 0 0 0

109 206 6 196 190 0 0 
223 69 147 206 245 0 0 
154 123 120 125 16 0 0 
96 23 174 96 116 0 0 
0 0 0 0 0 0 0

41 216 181 161 45 0 0 
104 99 64 216 170 0 0 
64 94 16 105 248 0 0 
9 58 158 125 120 0 0 
0 0 0 0 0 0 0

252 147 22 114 216 0 0 
37 198 147 104 137 0 0 
181 12 148 120 185 0 0 
147 42 126 201 122 0 0 
0 0 0 0 0 0 0

137 39 2 81 60 0 0 
123 244 84 17 129 0 0 
104 192 21 20 4 0 0 
181 227 230 164 36 0 0 
0 0 0 0 0 0 0

136 221 134 132 137 0 0 
26 66 189 98 127 0 0 
48 190 100 164 185 0 0 
27 243 166 121 82 0 0 
0 0 0 0 0 0 0

87 231 183 113 109 0 0 
120 139 39 240 76 0 0 
6 149 165 132 39 0 0 
68 253 208 184 219 0 0 
0 0 0 0 0 0 0

