231 217 200 0 236 65 35
58 26 6 0 175 167 247
205 34 52 0 18 255 145
91 98 15 0 19 119 112
199 84 120 0 33 94 45
109 92 251 0 87 96 150
174 136 201 0 254 31 192
219 183 101 0 102 202 44
207 6 39 0 184 22 100
83 13 133 0 44 130 209
169 183 93 0 46 89 52
244 30 8 0 219 102 201
139 37 183 0 42 95 240
67 244 66 0 152 142 173
104 87 247 0 80 192 180
88 127 164 0 78 14 48
198 125 96 0 131 57 144
23 160 96 0 157 188 99
162 167 133 0 141 26 251
60 241 208 0 35 123 2
89 31 134 0 116 45 136
72 80 211 0 172 216 238
11 38 203 0 92 96 191
16 164 21 0 149 183 182
201 217 141 0 155 159 109
27 158 172 0 183 56 109
149 108 46 0 47 32 182
173 228 111 0 62 147 96
9 221 2 0 236 54 104
60 136 48 0 193 107 94
64 98 255 0 224 175 24
237 110 182 0 53 132 242
174 51 235 0 213 174 106
23 250 182 0 48 10 50
222 69 59 0 206 159 5
179 136 209 0 185 87 238
39 199 17 0 229 213 75
16 42 176 0 189 152 10
110 1 244 0 43 16 171
70 121 230 0 95 211 152
80 13 217 0 241 47 136
191 195 183 0 152 116 254
248 54 157 0 230 50 150
124 105 109 0 85 29 88
137 117 137 0 64 17 177
172 210 217 0 205 14 128
236 119 170 0 224 27 170
134 118 220 0 215 145 218
90 211 67 0 125 16 89
166 204 170 0 103 71 89
125 226 196 0 12 71 33
229 112 29 0 18 99 120
218 5 90 0 178 87 218
189 240 140 0 11 34 166
72 50 229 0 38 113 63
99 63 51 0 192 215 7
155 126 234 0 208 242 161
233 183 41 0 41 189 78
191 225 224 0 139 1 95
33 166 49 0 90 113 176
230 44 81 0 138 112 172
194 240 235 0 222 239 142
8 111 106 0 95 142 194
219 87 250 0 21 210 66
48 56 249 0 100 194 123
126 34 146 0 208 83 247
217 22 38 0 211 234 152
115 194 39 0 244 124 237
253 45 1 0 129 81 123
124 207 1 0 154 143 103
104 36 217 0 223 244 165
152 178 206 0 82 72 219
169 15 176 0 130 98 190
133 214 253 0 41 168 174
171 161 253 0 211 134 66
201 15 56 0 182 29 130
144 2 96 0 228 120 248
65 73 27 0 29 248 85
176 108 103 0 110 220 136
51 41 208 0 208 220 9
216 19 6 0 250 244 59
251 221 35 0 133 227 83
29 242 75 0 251 171 223
19 155 97 0 188 191 54
16 71 159 0 30 57 23
242 184 154 0 147 41 141
55 189 55 0 93 161 207
126 249 28 0 192 181 107
85 116 214 0 110 81 176
26 126 19 0 157 197 37
126 155 159 0 151 109 11
206 137 42 0 59 166 41
124 195 179 0 122 223 198
116 170 201 0 50 191 136
109 49 85 0 55 224 140
176 61 42 0 148 117 155
35 215 170 0 215 40 35
4 153 162 0 118 41 23
56 73 172 0 248 2 158
61 139 63 0 126 45 248
116 17 155 0 123 131 185
146 123 6 0 160 195 136
202 103 134 0 43 140 158
80 225 220 0 74 28 203
217 139 87 0 250 240 5
84 124 110 0 100 141 1
109 50 109 0 106 114 128
88 247 188 0 43 224 151
151 105 227 0 237 53 27
51 140 103 0 37 201 240
195 125 88 0 21 234 158
56 85 11 0 211 113 38
96 189 55 0 127 45 184
10 31 145 0 173 231 202
41 248 124 0 72 250 208
68 245 157 0 131 140 144
199 59 81 0 221 65 124
231 185 204 0 52 50 64
81 218 249 0 114 196 86
120 236 20 0 86 162 183
4 252 142 0 92 106 47
252 69 8 0 97 119 69
246 124 255 0 228 75 144
151 80 107 0 200 228 228
182 232 233 0 254 36 246
25 22 1 0 96 124 30
62 166 198 0 122 31 191
255 51 109 0 229 188 2
24 255 146 0 105 125 135
54 125 57 0 11 43 152
27 99 168 0 84 57 238
247 49 241 0 150 5 193
196 132 195 0 237 66 47
99 204 5 0 8 194 58
105 7 144 0 200 111 94
52 222 222 0 154 149 209
193 76 184 0 208 111 77
150 188 148 0 178 86 185
56 210 109 0 82 30 29
186 96 213 0 232 5 98
111 254 118 0 67 130 197
77 115 112 0 78 22 61
29 75 240 0 42 133 174
148 50 246 0 149 175 119
213 104 96 0 108 101 82
80 232 36 0 137 3 145
32 32 78 0 7 123 24
54 96 170 0 77 61 103
59 213 46 0 210 151 103
97 83 241 0 48 215 159
99 138 36 0 74 59 148
116 10 175 0 220 125 13
102 73 177 0 184 212 222
129 127 128 0 109 249 229
69 126 213 0 168 81 148
223 200 217 0 38 245 74
245 230 109 0 176 86 46
116 11 24 0 190 91 224
84 230 160 0 106 102 24
49 225 255 0 19 33 81
23 76 178 0 214 90 90
13 192 154 0 229 198 57
190 253 245 0 17 211 6
154 31 238 0 249 104 99
83 85 115 0 166 12 19
9 183 236 0 5 220 18
243 179 152 0 234 15 248
167 201 207 0 127 74 54
102 45 85 0 31 97 5
18 173 75 0 184 107 186
67 112 211 0 110 167 253
146 104 68 0 82 45 140
127 213 168 0 92 65 70
184 32 141 0 209 178 245
183 235 21 0 211 186 51
37 42 145 0 170 168 92
3 230 67 0 116 229 255
47 213 232 0 106 228 115
8 165 100 0 236 102 44
119 83 129 0 154 97 195
102 167 161 0 59 121 171
174 30 119 0 45 188 43
132 47 14 0 18 163 65
49 6 194 0 222 142 144
149 244 14 0 230 161 250
26 213 199 0 217 52 212
203 238 66 0 17 208 75
142 185 130 0 144 30 163
213 156 176 0 142 211 16
58 232 102 0 233 162 24
109 189 123 0 133 215 186
117 186 2 0 128 165 105
77 77 38 0 48 209 176
224 221 146 0 75 192 130
159 254 86 0 209 62 247
16 150 79 0 68 118 32
70 244 14 0 89 139 191
60 8 7 0 29 40 173
133 97 133 0 235 229 11
155 40 202 0 211 30 119
244 192 171 0 69 172 159
113 23 184 0 59 241 187
170 170 226 0 193 113 114
168 45 128 0 67 244 245
117 7 131 0 221 81 4
100 57 2 0 82 249 3
217 16 33 0 7 48 216
174 215 156 0 59 54 5
222 153 15 0 110 207 11
168 173 181 0 116 23 51
192 125 237 0 242 234 184
105 84 7 0 102 238 173
11 32 172 0 238 66 49
154 117 114 0 38 227 66
249 79 215 0 35 51 176
217 129 179 0 44 114 125
105 2 181 0 85 93 116
88 111 49 0 186 178 131
201 218 191 0 216 155 44
236 38 209 0 97 134 160
220 232 31 0 187 96 44
59 211 159 0 134 62 78
58 177 239 0 85 50 107
21 73 95 0 2 106 255
87 182 4 0 172 64 64
89 188 148 0 92 191 244
70 226 111 0 124 188 180
132 75 174 0 134 83 65
81 3 120 0 198 38 73
20 106 249 0 68 134 102
179 88 218 0 76 204 227
65 223 49 0 212 121 74
80 55 94 0 56 84 154
87 194 218 0 186 171 213
24 112 57 0 50 1 158
207 128 80 0 34 201 215
244 56 63 0 45 215 144
233 241 234 0 150 217 235
134 82 118 0 170 15 130
19 147 234 0 217 62 221
166 112 36 0 35 177 93
188 38 123 0 48 239 227
31 77 124 0 61 88 95
240 180 171 0 200 136 29
191 90 152 0 130 216 73
126 141 157 0 128 127 99
240 13 246 0 92 227 142
185 164 37 0 230 86 82
85 69 76 0 170 191 214
249 20 142 0 174 80 215
178 109 26 0 30 26 59
217 139 37 0 182 66 49
2 187 15 0 235 124 97
152 118 82 0 41 115 142
26 100 137 0 79 175 239
15 21 57 0 30 213 136
129 46 126 0 70 198 108
7 188 78 0 89 57 253
218 23 195 0 1 113 28
247 90 8 0 95 113 243
192 143 183 0 23 213 114
21 228 32 0 59 65 171
79 79 49 0 90 129 250
178 60 59 0 94 102 155
201 118 31 0 237 247 241
3 240 236 0 62 18 134
147 112 237 0 99 80 101
59 76 15 0 11 24 248
131 187 190 0 243 242 76
220 90 156 0 23 139 117
44 81 151 0 247 199 87
198 66 118 0 3 57 168
113 132 97 0 51 163 36
61 83 26 0 70 190 56
7 48 110 0 112 224 19
138 41 10 0 107 48 203
112 83 214 0 73 77 178
247 188 106 0 177 244 224
123 71 162 0 173 218 186
211 112 25 0 196 254 194
55 55 201 0 15 150 66
35 137 110 0 46 8 253
246 138 99 0 131 167 32
100 184 25 0 127 86 158
95 249 59 0 49 90 198
27 197 111 0 64 196 40
134 193 169 0 253 64 59
111 165 57 0 79 225 146
225 184 60 0 77 122 71
158 243 171 0 33 63 191
195 178 8 0 223 224 142
113 183 53 0 128 89 149
191 7 231 0 237 185 84
210 202 7 0 37 62 229
88 162 87 0 147 236 66
155 228 160 0 44 81 165
168 166 180 0 58 190 98
135 162 224 0 179 10 20
110 18 190 0 101 203 91
199 225 243 0 242 97 228
134 247 89 0 87 103 51
104 108 247 0 226 138 173
78 177 14 0 73 145 3
117 65 19 0 114 46 235
19 236 241 0 228 55 158
145 107 15 0 58 155 111
215 147 251 0 183 133 51
61 77 5 0 47 175 59
56 245 121 0 81 101 199
240 194 156 0 176 242 61
245 54 253 0 111 139 187
227 62 59 0 199 240 170
40 75 53 0 66 50 29
64 127 109 0 206 6 196
190 223 69 0 147 206 245
154 123 120 0 125 16 96
23 174 96 0 116 41 216
181 161 45 0 104 99 64
216 170 64 0 94 16 105
248 9 58 0 158 125 120
252 147 22 0 114 216 37
198 147 104 0 137 181 12
148 120 185 0 147 42 126
201 122 137 0 39 2 81
60 123 244 0 84 17 129
104 192 21 0 20 4 181
227 230 164 0 36 136 221
134 132 137 0 26 66 189
98 127 48 0 190 100 164
185 27 243 0 166 121 82
87 231 183 0 113 109 120
139 39 240 0 76 6 149
165 132 39 0 68 253 208
184 219 64 0 190 102 26
78 241 81 0 195 164 137
12 246 142 0 99 100 127
129 60 95 0 170 215 158
103 217 111 0 240 42 247
212 89 123 0 18 107 102
133 79 89 0 177 66 156
233 24 57 0 227 80 120
57 108 141 0 245 195 170
156 51 112 0 122 220 1
60 227 94 0 177 67 115
84 209 53 0 241 116 84
239 185 182 0 45 239 151
131 167 12 0 249 22 45
159 168 171 0 67 223 106
162 229 81 0 137 147 118
182 241 183 0 215 9 195
13 98 86 0 36 251 81
98 2 214 0 25 23 172
39 109 162 0 182 42 244
58 93 133 0 55 178 91
190 218 132 0 186 3 73
226 70 80 0 126 96 11
203 20 215 0 153 60 72
240 243 7 0 17 91 189
95 188 106 0 109 125 24
253 22 219 0 159 151 239
243 95 24 0 223 215 124
168 170 139 0 11 104 170
225 42 74 0 18 81 218
146 231 68 0 28 172 7
92 75 17 0 51 117 63
1 208 8 0 222 244 97
148 242 79 0 203 220 43
229 1 15 0 121 99 210
50 152 170 0 213 69 107
191 94 153 0 120 78 108
63 163 87 0 182 222 231
209 209 154 0 200 133 13
50 127 108 0 183 97 199
252 246 125 0 97 6 36
209 57 39 0 46 80 63
94 236 5 0 150 86 123
6 154 33 0 214 228 199
190 45 156 0 165 12 88
247 67 67 0 235 169 239
50 114 195 0 128 244 122
109 217 124 0 159 216 3
55 212 137 0 55 237 143
96 48 37 0 107 62 36
1 160 71 0 94 70 168
217 79 141 0 176 4 81
50 144 130 0 20 180 197
28 92 162 0 124 175 7
80 11 41 0 85 208 227
98 86 56 0 128 124 222
8 209 155 0 249 74 35
61 190 226 0 34 115 118
123 68 209 0 170 140 129
88 244 38 0 209 62 84
134 7 53 0 111 66 23
216 138 52 0 135 28 172
161 98 236 0 61 202 132
126 224 190 0 22 159 120
226 131 184 0 41 11 198
17 34 134 0 80 150 112
227 100 51 0 75 198 202
229 114 65 0 92 147 83
6 11 180 0 12 120 153
243 13 252 0 43 19 200
147 216 22 0 86 64 215
120 35 217 0 192 1 156
71 110 229 0 164 80 36
100 78 82 0 241 201 42
137 32 80 0 70 5 61
245 234 132 0 84 92 137
160 87 198 0 66 251 107
252 40 166 0 47 81 32
236 139 28 0 144 36 33
153 195 236 0 58 206 76
80 235 172 0 79 131 32
69 227 143 0 179 37 248
133 1 153 0 90 59 36
234 205 136 0 175 47 178
174 125 173 0 14 252 102
201 55 175 0 160 231 118
240 170 22 0 183 5 4
110 29 2 0 176 65 204
149 87 134 0 138 59 158
136 168 7 0 179 187 117
47 30 75 0 144 42 74
208 202 54 0 229 246 26
150 157 238 0 242 65 47
16 204 71 0 241 16 229
160 197 108 0 72 203 156
61 32 237 0 102 159 189
6 129 1 0 157 71 253
93 84 46 0 57 54 57
194 93 9 0 180 238 43
52 105 192 0 50 199 139
172 84 121 0 131 157 73
175 190 77 0 117 155 159
199 79 99 0 135 210 84
201 211 238 0 46 53 116
91 58 10 0 66 235 57
173 66 27 0 137 159 6
181 65 49 0 169 170 95
210 61 9 0 222 10 106
44 135 143 0 149 24 102
249 88 152 0 246 190 156
179 195 39 0 120 133 130
30 28 208 0 120 200 219
78 29 54 0 213 194 80
153 40 22 0 118 14 100
255 168 47 0 60 182 32
233 80 102 0 180 83 110
246 17 204 0 172 92 99
181 224 55 0 80 194 90
151 208 180 0 48 139 56
113 61 101 0 185 195 146
226 53 77 0 96 164 130
51 242 163 0 218 118 88
77 53 169 0 125 116 73
84 3 108 0 135 96 5
112 77 108 0 1 149 214
123 226 74 0 89 188 81
245 195 95 0 245 248 50
120 73 234 0 123 33 213
250 163 59 0 189 110 8
71 66 232 0 77 173 188
115 174 54 0 95 58 180
59 102 103 0 114 164 200
29 129 22 0 164 62 187
39 168 251 0 245 176 114
193 163 161 0 199 6 240
57 194 138 0 244 154 114
179 195 86 0 110 224 129
89 14 38 0 108 179 16
115 116 227 0 165 39 249
183 76 148 0 197 175 43
54 59 128 0 1 14 93
171 73 36 0 105 87 110
234 69 218 0 213 21 173
232 59 46 0 237 30 105
118 251 232 0 195 39 150
215 114 83 0 211 127 107
246 151 218 0 117 194 100
228 243 84 0 180 168 255
43 81 150 0 253 242 103
112 82 197 0 132 7 114
95 42 85 0 161 71 124
232 218 67 0 99 152 65
63 123 173 0 18 206 24
88 5 38 0 111 133 238
100 75 192 0 145 217 184
77 244 103 0 99 129 244
38 73 8 0 117 33 40
223 141 155 0 123 142 217
92 136 72 0 82 183 130
57 197 115 0 29 65 155
176 51 19 0 8 233 201
31 60 31 0 44 114 236
91 73 212 0 232 122 62
236 185 130 0 214 2 170
68 214 200 0 109 222 145
79 101 232 0 19 64 18
235 150 249 0 22 33 55
25 169 120 0 56 250 219
57 236 42 0 6 165 167
209 81 157 0 125 201 109
94 246 234 0 136 237 80
59 46 181 0 146 114 93
46 111 249 0 229 160 45
198 209 198 0 185 203 60
200 94 31 0 103 32 43
62 182 223 0 137 252 61
45 250 244 0 139 181 13
98 145 25 0 175 31 140
101 133 249 0 209 78 115
21 220 200 0 80 98 156
51 208 208 0 46 108 154
17 26 212 0 111 225 241
23 97 53 0 81 232 80
228 160 248 0 161 208 3
139 213 76 0 96 64 61
226 1 142 0 137 146 143
246 83 150 0 25 202 232
161 82 242 0 178 128 66
19 240 51 0 73 226 167
95 73 58 0 4 165 181
245 15 198 0 159 115 46
187 68 246 0 89 111 7
144 237 145 0 196 174 239
112 172 171 0 56 93 113
185 47 7 0 93 98 167
177 150 183 0 169 102 143
26 68 152 0 192 2 129
146 167 231 0 28 1 217
168 32 190 0 110 165 67
46 201 67 0 153 255 110
233 168 49 0 95 159 59
124 199 197 0 69 30 44
216 163 194 0 68 177 162
205 98 113 0 222 76 144
34 43 255 0 146 138 46
15 189 13 0 192 188 86
104 133 169 0 49 79 78
155 242 136 0 153 18 14
149 183 250 0 168 185 219
121 222 146 0 43 63 166
93 93 114 0 231 15 221
151 131 31 0 51 137 53
245 144 111 0 219 65 215
85 20 218 0 103 40 218
234 191 143 0 222 230 132
16 248 113 0 89 252 6
85 195 71 0 219 163 69
202 20 157 0 3 237 172
65 110 140 0 158 37 243
155 105 138 0 38 13 231
17 89 249 0 65 26 168
218 234 59 0 50 42 199
228 28 250 0 92 232 97
248 66 34 0 156 39 154
133 12 143 0 222 10 231
29 210 147 0 200 37 128
49 29 207 0 7 193 116
250 90 55 0 206 169 196
254 203 212 0 47 59 152
3 31 80 0 22 201 121
152 223 242 0 234 206 94
144 43 144 0 8 35 171
184 179 58 0 167 66 44
71 132 124 0 17 117 127
173 121 254 0 124 67 31
24 138 27 0 209 91 195
194 173 114 0 137 236 104
172 114 166 0 156 77 146
27 52 166 0 79 246 230
254 232 49 0 159 89 60
30 119 252 0 4 168 139
114 250 161 0 138 227 20
194 97 75 0 247 240 117
21 225 239 0 47 251 89
106 126 93 0 97 37 194
113 189 32 0 84 207 110
94 97 198 0 43 11 187
73 76 112 0 140 247 246
1 68 197 0 197 48 9
75 76 159 0 132 61 161
8 76 218 0 239 77 115
145 151 92 0 2 181 155
147 155 170 0 83 121 176
215 17 228 0 226 244 6
44 166 134 0 92 170 122
140 23 84 0 206 238 23
136 145 18 0 213 146 123
9 156 59 0 231 185 108
140 251 143 0 177 54 188
248 194 54 0 78 100 144
41 217 8 0 162 237 121
197 147 252 0 232 152 116
57 99 167 0 238 110 157
143 24 130 0 10 116 139
229 159 232 0 177 193 70
72 9 203 0 72 196 153
68 192 137 0 130 233 111
6 71 17 0 182 88 215
158 44 226 0 163 199 220
236 72 132 0 100 88 175
177 215 198 0 70 33 216
251 17 183 0 229 19 22
59 180 163 0 31 58 226
5 50 70 0 25 67 146
239 35 135 0 90 171 250
75 55 204 0 230 92 73
116 89 244 0 48 2 208
171 44 235 0 47 216 217
149 61 193 0 206 211 202
93 107 213 0 201 66 243
133 157 56 0 2 227 77
48 154 127 0 24 28 87
47 131 88 0 97 212 149
122 147 142 0 173 238 54
197 69 87 0 38 33 42
148 222 138 0 190 151 203
166 226 77 0 152 250 128
148 237 117 0 92 168 10
109 5 140 0 161 63 246
25 171 235 0 153 248 237
16 119 82 0 11 4 56
180 90 22 0 9 205 210
201 55 72 0 25 63 219
85 176 29 0 19 234 73
231 248 113 0 137 245 59
83 145 36 0 239 170 87
172 103 137 0 243 49 26
35 228 168 0 184 252 203
179 169 71 0 31 151 67
164 252 160 0 105 101 4
170 171 212 0 232 250 171
107 38 84 0 170 131 23
112 205 128 0 145 181 168
158 193 160 0 182 203 117
132 53 168 0 77 214 194
11 217 220 0 153 90 24
53 164 68 0 203 99 193
13 194 140 0 31 44 41
191 163 44 0 163 213 153
39 179 128 0 191 130 55
177 170 78 0 85 73 100
245 21 160 0 215 171 232
180 225 163 0 141 179 59
228 128 149 0 173 119 105
202 46 149 0 91 38 170
212 27 201 0 127 146 118
17 27 109 0 68 5 159
17 7 18 0 83 187 210
38 104 214 0 16 100 108
61 244 61 0 83 219 35
185 12 204 0 59 217 179
243 73 211 0 130 115 77
183 95 211 0 137 145 190
240 56 176 0 28 148 102
31 101 62 0 134 20 202
227 56 113 0 176 160 94
108 148 211 0 62 125 164
66 155 75 0 4 167 202
68 215 193 0 7 142 222
58 141 124 0 215 169 217
19 67 77 0 2 70 113
32 51 6 0 184 58 30
227 26 40 0 220 4 83
177 227 215 0 43 6 43
112 107 231 0 246 128 67
129 148 109 0 154 36 1
156 34 121 0 154 18 10
210 52 115 0 225 175 9
144 89 39 0 148 44 138
158 96 187 0 218 239 102
86 112 114 0 140 197 232
240 238 157 0 237 109 7
186 218 71 0 99 147 193
75 146 140 0 93 194 34
77 102 34 0 133 112 187
29 14 252 0 108 153 166
87 196 167 0 249 221 220
242 60 137 0 181 12 88
30 109 108 0 31 228 64
47 106 171 0 84 127 128
25 120 52 0 249 45 209
50 217 53 0 36 35 129
83 177 27 0 4 215 187
159 34 245 0 201 101 122
55 37 147 0 130 27 85
215 115 65 0 165 230 14
19 215 37 0 34 121 40
162 28 87 0 100 244 169
113 203 204 0 50 4 78
237 44 211 0 179 32 249
186 167 61 0 221 63 240
25 55 84 0 27 37 182
238 37 64 0 53 23 253
160 255 154 0 157 246 122
110 231 17 0 84 172 202
91 65 171 0 211 217 32
99 194 76 0 86 99 67
231 204 135 0 213 225 222
92 178 251 0 137 138 61
29 135 160 0 54 150 83
231 24 86 0 97 60 214
248 245 241 0 77 254 154
61 220 193 0 75 84 127
136 136 215 0 142 136 241
236 8 170 0 34 166 233
75 123 145 0 157 160 161
199 190 226 0 96 41 85
247 143 33 0 223 86 147
196 14 81 0 68 239 102
3 219 203 0 98 241 255
246 230 18 0 211 90 252
135 209 83 0 191 215 246
209 239 212 0 228 224 44
54 77 211 0 86 250 56
42 120 33 0 19 118 145
185 206 156 0 58 54 61
181 227 209 0 63 186 4
226 54 73 0 116 129 203
23 205 24 0 196 197 239
81 228 113 0 105 205 148
243 31 46 0 146 198 186
69 223 228 0 25 27 193
106 130 108 0 245 137 164
64 154 82 0 160 224 84
234 41 70 0 110 23 202
83 105 164 0 232 240 214
204 123 95 0 60 110 135
103 118 17 0 48 152 90
99 92 124 0 128 95 41
103 168 113 0 138 105 217
218 52 42 0 124 20 198
3 227 130 0 21 96 232
193 117 186 0 231 105 160
171 53 15 0 81 112 40
193 33 77 0 74 5 184
113 128 17 0 193 124 55
23 10 140 0 155 28 93
167 201 181 0 137 130 33
195 224 54 0 177 108 40
226 202 60 0 46 198 65
132 68 80 0 11 87 114
118 90 240 0 15 30 76
75 64 125 0 205 137 232
100 117 130 0 68 172 26
17 113 236 0 223 142 77
41 140 183 0 32 197 197
229 75 7 0 254 57 223
42 146 98 0 21 36 184
31 103 76 0 120 37 122
34 198 164 0 137 196 97
72 200 212 0 221 98 136
234 153 72 0 26 98 109
69 187 91 0 182 68 59
204 222 207 0 213 184 150
13 247 213 0 193 98 112
168 216 115 0 180 112 101
51 148 126 0 90 76 184
31 82 46 0 84 102 161
96 2 196 0 25 217 194
148 89 22 0 21 83 115
1 21 149 0 217 159 78
200 51 65 0 165 39 3
67 56 231 0 51 47 229
138 133 72 0 236 243 69
93 68 253 0 125 238 175
173 239 193 0 182 48 225
81 152 155 0 174 79 128
48 33 204 0 40 160 143
225 251 75 0 111 139 6
107 202 140 0 193 22 106
67 110 211 0 60 44 86
135 222 249 0 14 35 34
66 184 19 0 94 244 224
141 86 202 0 133 1 199
102 130 225 0 179 253 134
16 41 201 0 49 166 100
4 191 83 0 227 121 55
141 10 232 0 89 37 64
179 50 145 0 80 204 207
28 38 124 0 68 96 30
184 242 118 0 47 231 189
240 193 110 0 137 93 49
171 237 142 0 237 43 166
90 230 222 0 125 249 21
129 31 61 0 63 196 143
197 196 14 0 216 33 222
246 85 106 0 1 117 56
6 61 106 0 117 116 240
121 105 26 0 167 165 11
210 204 242 0 18 164 74
57 143 206 0 164 39 76
94 141 144 0 241 58 76
22 128 55 0 130 227 217
86 242 185 0 252 76 207
172 122 223 0 49 77 163
89 100 253 0 162 255 207
102 112 156 0 151 50 127
59 176 6 0 81 240 83
195 53 188 0 11 59 128
55 228 127 0 181 50 214
9 157 108 0 217 119 75
24 198 194 0 242 27 86
80 103 252 0 252 23 123
48 200 143 0 106 190 27
164 71 228 0 135 67 64
236 90 236 0 63 154 174
167 184 23 0 234 46 228
197 112 26 0 122 58 67
120 203 116 0 4 124 66
228 158 197 0 90 86 129
219 168 55 0 60 228 86
252 197 12 0 219 71 86
224 136 66 0 152 202 72
91 65 124 0 254 29 125
207 27 82 0 131 168 175
138 193 240 0 198 102 119
193 157 247 0 127 220 78
52 200 140 0 100 185 237
114 1 150 0 137 100 38
167 67 204 0 102 183 182
228 34 185 0 200 152 221
236 12 68 0 52 132 186
228 242 34 0 154 151 125
231 208 47 0 37 26 129
41 234 168 0 104 238 53
219 6 188 0 245 105 135
153 75 32 0 92 160 21
13 166 48 0 216 213 175
149 120 217 0 95 38 150
251 84 202 0 167 197 49
199 196 114 0 222 229 41
208 248 48 0 70 21 62
31 86 21 0 66 71 3
3 20 195 0 231 208 124
227 178 181 0 56 144 129
127 143 108 0 218 135 83
32 191 119 0 93 62 90
28 5 182 0 225 70 133
34 90 133 0 163 107 142
212 82 189 0 96 206 189
61 66 181 0 34 154 57
210 35 228 0 60 47 112
115 252 34 0 79 106 104
33 123 46 0 27 120 235
137 18 203 0 129 178 229
121 199 17 0 118 130 145
194 11 201 0 174 85 69
131 62 19 0 103 138 112
203 235 208 0 177 5 187
177 65 124 0 96 76 26
25 188 141 0 79 241 204
94 59 75 0 50 74 118
62 45 118 0 157 64 244
88 36 186 0 153 59 252
94 28 8 0 54 133 245
94 227 162 0 166 171 236
120 149 254 0 184 223 23
130 185 191 0 220 13 60
193 254 61 0 31 237 22
236 197 3 0 122 46 94
176 181 45 0 219 43 92
225 121 46 0 61 72 38
212 174 237 0 168 110 150
116 53 114 0 34 151 159
71 210 1 0 163 32 126
171 6 255 0 235 77 25
26 253 102 0 200 102 203
108 64 203 0 128 219 117
198 192 31 0 19 190 197
231 207 196 0 32 215 48
107 115 199 0 172 15 25
21 30 140 0 114 2 243
173 141 85 0 42 133 247
169 203 231 0 179 11 86
158 77 200 0 149 142 67
249 23 140 0 49 105 147
59 154 113 0 126 232 71
194 94 54 0 116 166 145
148 251 199 0 176 52 6
162 216 145 0 169 121 59
180 244 108 0 135 176 143
193 226 195 0 115 33 22
79 203 36 0 162 139 46
35 192 168 0 246 93 135
198 80 32 0 80 54 66
218 203 194 0 112 17 61
15 45 128 0 97 154 47
93 192 114 0 137 85 253
241 200 88 0 112 215 180
179 53 169 0 221 152 242
57 166 212 0 81 167 201
201 165 140 0 33 127 102
186 202 7 0 200 220 44
200 197 19 0 69 31 24
49 15 13 0 105 201 216
44 44 197 0 96 241 3
169 121 35 0 130 246 206
240 37 128 0 24 3 91
204 228 32 0 54 167 10
191 199 236 0 178 133 161
99 19 123 0 156 101 191
65 215 96 0 125 34 153
68 74 218 0 130 180 172
136 22 229 0 240 1 151
9 229 161 0 189 159 176
217 65 247 0 8 92 187
220 197 183 0 97 124 66
23 91 157 0 174 249 22
6 89 197 0 232 238 42
21 175 92 0 16 155 49
184 87 107 0 141 93 208
65 93 61 0 231 239 75
255 115 135 0 88 140 40
163 17 185 0 108 89 10
73 253 240 0 46 2 125
43 200 112 0 243 28 142
87 216 155 0 34 80 132
202 119 15 0 63 71 68
146 142 151 0 71 43 63
103 168 239 0 204 241 187
24 229 252 0 237 84 16
74 159 33 0 57 2 236
244 75 20 0 112 238 94
118 234 34 0 81 55 195
199 24 91 0 192 63 145
192 157 198 0 107 153 86
226 132 44 0 153 37 74
155 56 164 0 7 55 197
175 195 27 0 53 163 229
22 218 230 0 121 37 182
171 46 158 0 2 18 136
224 15 112 0 48 9 56
165 11 170 0 91 225 52
139 129 68 0 114 194 20
46 135 123 0 62 224 196
139 197 185 0 8 35 18
91 194 72 0 127 196 69
41 19 48 0 215 179 86
166 159 39 0 49 220 44
103 121 74 0 161 164 78
203 98 31 0 75 38 233
249 206 34 0 165 31 91
210 224 187 0 251 195 88
142 12 89 0 70 29 42
122 94 168 0 198 160 185
131 255 78 0 248 94 4
118 67 158 0 159 37 94
217 214 160 0 242 86 29
242 102 27 0 145 242 248
22 83 182 0 163 236 205
28 199 167 0 56 208 117
17 8 106 0 206 151 2
85 14 99 0 63 234 29
167 80 64 0 81 192 176
6 106 67 0 22 188 138
172 202 78 0 46 116 239
102 126 6 0 3 164 162
227 138 14 0 124 34 128
254 123 80 0 66 174 25
210 241 121 0 113 47 178
131 26 181 0 173 75 207
171 124 121 0 234 24 43
16 201 241 0 237 112 28
220 88 47 0 42 73 159
204 64 16 0 72 1 176
116 163 27 0 133 202 107
105 135 177 0 143 33 37
1 22 73 0 151 50 210
216 250 64 0 171 129 165
89 71 67 0 171 170 47
43 50 2 0 240 225 169
234 61 161 0 184 75 65
169 222 197 0 80 57 82
82 140 236 0 112 75 190
48 182 63 0 89 141 101
182 225 207 0 171 148 78
173 235 33 0 131 26 212
237 6 155 0 57 207 142
224 198 169 0 234 125 254
75 48 217 0 211 29 215
118 116 177 0 75 161 194
29 64 31 0 238 165 241
4 5 55 0 116 45 252
230 177 221 0 163 98 207
154 41 188 0 40 2 251
199 87 147 0 136 103 72
92 129 15 0 42 67 5
3 65 20 0 168 145 170
163 75 88 0 213 77 200
23 5 22 0 114 223 96
75 92 11 0 119 15 66
133 123 104 0 81 85 134
163 90 78 0 210 202 48
153 185 180 0 64 68 103
154 194 248 0 33 55 75
137 237 224 0 3 198 8
205 244 138 0 27 129 232
12 208 14 0 204 168 117
123 221 244 0 103 153 202
66 175 39 0 127 73 243
107 127 55 0 19 164 113
132 254 56 0 71 3 215
188 201 117 0 229 3 62
1 234 140 0 108 219 82
153 199 112 0 156 11 87
18 14 124 0 41 106 75
222 39 154 0 6 79 52
139 187 237 0 74 2 165
202 47 219 0 189 198 221
113 255 251 0 64 237 232
69 233 180 0 29 250 209
24 107 238 0 181 173 73
145 216 105 0 49 167 58
245 160 145 0 91 243 129
221 91 114 0 99 28 109
32 121 95 0 43 83 84
191 91 9 0 98 137 26
212 32 178 0 100 210 254
129 208 82 0 9 251 36
254 168 183 0 60 219 124
190 158 233 0 210 80 121
17 43 46 0 67 202 184
241 30 19 0 68 103 183
74 94 171 0 230 120 223
221 36 157 0 73 5 43
37 189 252 0 59 44 5
134 116 95 0 135 31 237
138 33 51 0 197 3 138
4 192 20 0 254 49 172
172 99 210 0 93 252 168
132 161 203 0 232 40 213
211 213 12 0 106 187 134
127 249 110 0 144 252 145
36 135 80 0 245 142 113
219 145 239 0 93 153 255
205 153 57 0 127 96 244
214 94 172 0 251 61 253
180 156 171 0 64 186 246
34 145 171 0 167 152 195
131 223 158 0 219 192 88
231 157 227 0 184 197 125
165 168 16 0 252 253 198
124 57 207 0 23 42 10
22 62 186 0 201 234 86
142 74 41 0 155 143 253
101 254 3 0 4 65 45
118 180 138 0 73 113 26
207 216 201 0 61 63 103
22 167 45 0 28 24 149
20 48 212 0 27 170 219
240 232 52 0 113 93 73
50 109 180 0 113 229 98
199 255 119 0 90 103 56
30 210 206 0 167 244 148
102 4 96 0 48 140 22
44 136 228 0 107 61 97
71 157 149 0 196 18 130
82 57 173 0 158 172 58
225 87 42 0 143 236 176
90 177 45 0 136 88 189
23 164 27 0 203 226 63
104 86 7 0 13 201 248
29 135 151 0 175 108 49
99 201 145 0 32 209 199
171 119 229 0 11 97 63
141 191 113 0 85 86 162
158 103 62 0 190 3 26
194 150 234 0 139 3 123
180 48 241 0 37 73 141
69 169 226 0 24 123 97
193 167 166 0 79 25 154
246 99 17 0 227 199 234
139 159 75 0 187 229 28
80 178 107 0 205 219 70
197 231 81 0 94 242 42
97 133 114 0 137 6 95
81 17 206 0 229 180 239
179 248 150 0 146 209 3
66 165 80 0 148 69 91
39 188 81 0 191 117 140
249 252 85 0 185 126 199
13 60 229 0 135 11 181
135 237 193 0 52 108 50
29 73 120 0 44 19 101
202 202 191 0 100 17 23
195 171 77 0 85 124 250
247 236 97 0 45 78 59
193 44 192 0 67 74 98
214 41 78 0 154 118 193
112 10 154 0 179 135 138
67 17 145 0 160 99 205
21 251 107 0 30 118 242
177 97 68 0 142 108 232
86 133 1 0 57 230 132
40 149 36 0 154 163 210
114 165 70 0 166 30 230
208 213 131 0 214 198 31
29 67 46 0 246 197 189
174 23 245 0 223 143 17
5 143 119 0 38 7 60
223 8 203 0 121 101 251
46 196 51 0 191 216 221
81 232 186 0 203 142 115
249 142 103 0 185 149 67
149 56 114 0 86 20 202
161 109 60 0 135 21 38
173 224 241 0 140 124 114
16 222 208 0 177 82 200
156 248 249 0 30 82 57
120 143 217 0 201 157 47
12 198 75 0 101 101 119
233 149 218 0 84 120 150
227 123 61 0 128 105 89
90 220 82 0 196 234 21
2 221 158 0 92 158 189
11 206 124 0 232 226 119
234 2 120 0 54 191 136
38 73 139 0 151 162 138
32 81 112 0 87 197 195
203 111 185 0 92 167 131
112 166 34 0 121 228 143
182 51 50 0 31 84 78
175 195 11 0 63 6 108
43 42 142 0 245 213 92
233 86 100 0 57 203 113
91 148 28 0 111 190 42
92 236 77 0 93 224 222
157 16 7 0 15 182 49
216 93 124 0 130 120 250
226 222 56 0 228 129 245
139 63 44 0 247 50 27
152 14 75 0 15 241 103
232 134 4 0 59 240 38
60 28 183 0 210 70 139
113 190 195 0 104 223 226
106 149 6 0 127 175 59
185 58 159 0 166 189 237
234 237 139 0 108 182 151
167 233 233 0 26 92 140
160 88 75 0 25 54 90
49 150 36 0 205 199 122
173 218 42 0 254 105 74
239 46 175 0 77 200 119
144 231 198 0 146 13 169
104 159 33 0 49 50 141
206 15 156 0 37 206 104
217 33 120 0 129 44 86
227 22 106 0 112 47 199
150 21 76 0 36 242 12
56 156 209 0 163 16 6
240 191 50 0 30 96 8
197 125 48 0 99 16 163
152 177 153 0 204 69 131
167 159 188 0 230 202 139
30 110 212 0 63 109 55
125 239 79 0 82 201 78
72 204 162 0 125 166 161
89 188 193 0 44 220 106
71 126 89 0 73 251 64
77 88 29 0 21 8 143
96 230 2 0 69 74 56
123 252 105 0 121 12 43
41 111 180 0 245 226 69
117 198 83 0 15 49 241
64 160 26 0 141 75 138
154 229 25 0 94 158 150
101 33 187 0 191 209 59
233 153 8 0 23 111 207
3 78 237 0 103 208 159
187 181 229 0 214 209 203
122 139 141 0 190 37 164
233 105 155 0 179 1 61
21 143 181 0 84 63 87
174 216 227 0 160 118 23
120 26 22 0 120 247 174
28 34 92 0 142 47 255
83 44 63 0 85 119 111
20 186 197 0 227 60 115
27 136 16 0 20 177 73
167 25 99 0 155 56 118
232 37 32 0 124 210 112
89 115 84 0 237 44 142
109 191 1 0 250 101 94
173 9 180 0 8 11 56
18 151 155 0 66 92 255
150 7 38 0 90 65 74
111 68 143 0 235 35 150
86 4 247 0 59 89 192
71 47 73 0 254 204 143
231 161 68 0 70 174 235
236 183 197 0 32 70 117
210 164 53 0 103 193 94
181 252 56 0 239 60 158
109 57 202 0 126 65 217
202 124 189 0 22 130 152
32 141 140 0 198 190 116
253 187 137 0 70 20 184
176 57 5 0 92 84 120
204 8 148 0 154 93 173
64 46 255 0 21 205 190
21 139 97 0 91 84 226
60 244 247 0 181 44 140
238 59 195 0 71 153 42
3 40 14 0 18 234 188
53 128 75 0 72 175 194
179 110 9 0 147 35 209
154 75 73 0 36 229 14
179 36 217 0 255 72 114
41 146 172 0 111 166 74
134 93 80 0 98 132 110
200 232 30 0 83 59 79
203 83 99 0 16 13 200
8 30 228 0 128 117 38
234 150 222 0 24 68 175
79 115 134 0 54 120 128
44 166 249 0 116 74 203
191 168 99 0 52 2 207
74 164 209 0 188 44 151
252 14 19 0 131 32 38
220 192 120 0 77 59 31
71 172 183 0 246 82 108
151 25 16 0 236 233 192
229 103 33 0 4 152 37
146 71 252 0 240 232 214
69 196 41 0 105 141 23
144 44 143 0 199 119 22
230 210 221 0 97 185 43
114 162 223 0 214 202 47
232 122 191 0 52 52 222
254 225 179 0 130 208 158
56 92 129 0 106 157 210
73 228 156 0 111 66 121
231 173 4 0 81 54 159
238 160 34 0 15 211 70
233 52 240 0 144 210 70
166 80 139 0 34 116 242
147 253 80 0 21 117 142
44 92 47 0 202 149 245
118 123 86 0 198 185 101
156 171 190 0 216 76 143
43 58 251 0 54 51 184
159 188 25 0 106 192 9
76 150 210 0 178 168 29
64 105 153 0 190 35 60
145 203 255 0 59 1 119
207 225 241 0 249 174 252
214 177 107 0 161 217 168
30 138 115 0 83 83 213
53 3 225 0 199 249 1
141 171 215 0 192 152 230
201 228 205 0 28 85 42
102 39 231 0 189 50 240
163 179 161 0 211 225 119
153 125 143 0 250 141 73
72 27 148 0 143 185 57
195 179 78 0 201 162 69
172 154 125 0 179 205 227
155 188 151 0 88 8 183
116 219 63 0 167 159 86
176 74 157 0 194 169 35
15 206 32 0 155 108 153
182 61 45 0 82 128 45
26 103 121 0 173 252 153
99 233 12 0 1 85 121
144 113 53 0 194 47 5
212 103 73 0 254 106 249
82 139 247 0 114 16 16
252 67 224 0 203 186 148
109 229 2 0 31 134 15
79 118 202 0 7 218 112
58 43 143 0 78 176 164
21 209 129 0 220 36 171
192 121 152 0 6 152 147
215 145 150 0 222 32 161
124 129 27 0 157 227 227
148 67 226 0 236 91 156
168 154 54 0 63 177 254
