231 217 200 0 236 65 35
58 26 6 0 175 167 247
205 34 52 0 18 255 145
91 98 15 0 19 119 112
199 84 120 0 33 94 45
109 92 251 0 87 96 150
174 136 201 0 254 31 192
219 183 101 0 102 202 44
207 6 39 0 184 22 100
83 13 133 0 44 130 209
169 183 93 0 46 89 52
244 30 8 0 219 102 201
139 37 183 0 42 95 240
67 244 66 0 152 142 173
104 87 247 0 80 192 180
88 127 164 0 78 14 48
198 125 96 0 131 57 144
23 160 96 0 157 188 99
162 167 133 0 141 26 251
60 241 208 0 35 123 2
89 31 134 0 116 45 136
72 80 211 0 172 216 238
11 38 203 0 92 96 191
16 164 21 0 149 183 182
201 217 141 0 155 159 109
27 158 172 0 183 56 109
149 108 46 0 47 32 182
173 228 111 0 62 147 96
9 221 2 0 236 54 104
60 136 48 0 193 107 94
64 98 255 0 224 175 24
237 110 182 0 53 132 242
174 51 235 0 213 174 106
23 250 182 0 48 10 50
222 69 59 0 206 159 5
179 136 209 0 185 87 238
39 199 17 0 229 213 75
16 42 176 0 189 152 10
110 1 244 0 43 16 171
70 121 230 0 95 211 152
80 13 217 0 241 47 136
191 195 183 0 152 116 254
248 54 157 0 230 50 150
124 105 109 0 85 29 88
137 117 137 0 64 17 177
172 210 217 0 205 14 128
236 119 170 0 224 27 170
134 118 220 0 215 145 218
90 211 67 0 125 16 89
166 204 170 0 103 71 89
125 226 196 0 12 71 33
229 112 29 0 18 99 120
218 5 90 0 178 87 218
189 240 140 0 11 34 166
72 50 229 0 38 113 63
99 63 51 0 192 215 7
155 126 234 0 208 242 161
233 183 41 0 41 189 78
191 225 224 0 139 1 95
33 166 49 0 90 113 176
230 44 81 0 138 112 172
194 240 235 0 222 239 142
8 111 106 0 95 142 194
219 87 250 0 21 210 66
48 56 249 0 100 194 123
126 34 146 0 208 83 247
217 22 38 0 211 234 152
115 194 39 0 244 124 237
253 45 1 0 129 81 123
124 207 1 0 154 143 103
104 36 217 0 223 244 165
152 178 206 0 82 72 219
169 15 176 0 130 98 190
133 214 253 0 41 168 174
171 161 253 0 211 134 66
201 15 56 0 182 29 130
144 2 96 0 228 120 248
65 73 27 0 29 248 85
176 108 103 0 110 220 136
51 41 208 0 208 220 9
216 19 6 0 250 244 59
251 221 35 0 133 227 83
29 242 75 0 251 171 223
19 155 97 0 188 191 54
16 71 159 0 30 57 23
242 184 154 0 147 41 141
55 189 55 0 93 161 207
126 249 28 0 192 181 107
85 116 214 0 110 81 176
26 126 19 0 157 197 37
126 155 159 0 151 109 11
206 137 42 0 59 166 41
124 195 179 0 122 223 198
116 170 201 0 50 191 136
109 49 85 0 55 224 140
176 61 42 0 148 117 155
35 215 170 0 215 40 35
4 153 162 0 118 41 23
56 73 172 0 248 2 158
61 139 63 0 126 45 248
116 17 155 0 123 131 185
146 123 6 0 160 195 136
202 103 134 0 43 140 158
80 225 220 0 74 28 203
217 139 87 0 250 240 5
84 124 110 0 100 141 1
109 50 109 0 106 114 128
88 247 188 0 43 224 151
151 105 227 0 237 53 27
51 140 103 0 37 201 240
195 125 88 0 21 234 158
56 85 11 0 211 113 38
96 189 55 0 127 45 184
10 31 145 0 173 231 202
41 248 124 0 72 250 208
68 245 157 0 131 140 144
199 59 81 0 221 65 124
231 185 204 0 52 50 64
81 218 249 0 114 196 86
120 236 20 0 86 162 183
4 252 142 0 92 106 47
252 69 8 0 97 119 69
246 124 255 0 228 75 144
151 80 107 0 200 228 228
182 232 233 0 254 36 246
25 22 1 0 96 124 30
62 166 198 0 122 31 191
255 51 109 0 229 188 2
24 255 146 0 105 125 135
54 125 57 0 11 43 152
27 99 168 0 84 57 238
247 49 241 0 150 5 193
196 132 195 0 237 66 47
99 204 5 0 8 194 58
105 7 144 0 200 111 94
52 222 222 0 154 149 209
193 76 184 0 208 111 77
150 188 148 0 178 86 185
56 210 109 0 82 30 29
186 96 213 0 232 5 98
111 254 118 0 67 130 197
77 115 112 0 78 22 61
29 75 240 0 42 133 174
148 50 246 0 149 175 119
213 104 96 0 108 101 82
80 232 36 0 137 3 145
32 32 78 0 7 123 24
54 96 170 0 77 61 103
59 213 46 0 210 151 103
97 83 241 0 48 215 159
99 138 36 0 74 59 148
116 10 175 0 220 125 13
102 73 177 0 184 212 222
129 127 128 0 109 249 229
69 126 213 0 168 81 148
223 200 217 0 38 245 74
245 230 109 0 176 86 46
116 11 24 0 190 91 224
84 230 160 0 106 102 24
49 225 255 0 19 33 81
23 76 178 0 214 90 90
13 192 154 0 229 198 57
190 253 245 0 17 211 6
154 31 238 0 249 104 99
83 85 115 0 166 12 19
9 183 236 0 5 220 18
243 179 152 0 234 15 248
167 201 207 0 127 74 54
102 45 85 0 31 97 5
18 173 75 0 184 107 186
67 112 211 0 110 167 253
146 104 68 0 82 45 140
127 213 168 0 92 65 70
184 32 141 0 209 178 245
183 235 21 0 211 186 51
37 42 145 0 170 168 92
3 230 67 0 116 229 255
47 213 232 0 106 228 115
8 165 100 0 236 102 44
119 83 129 0 154 97 195
102 167 161 0 59 121 171
174 30 119 0 45 188 43
132 47 14 0 18 163 65
49 6 194 0 222 142 144
149 244 14 0 230 161 250
26 213 199 0 217 52 212
203 238 66 0 17 208 75
142 185 130 0 144 30 163
213 156 176 0 142 211 16
58 232 102 0 233 162 24
109 189 123 0 133 215 186
117 186 2 0 128 165 105
77 77 38 0 48 209 176
224 221 146 0 75 192 130
159 254 86 0 209 62 247
16 150 79 0 68 118 32
70 244 14 0 89 139 191
60 8 7 0 29 40 173
133 97 133 0 235 229 11
155 40 202 0 211 30 119
244 192 171 0 69 172 159
113 23 184 0 59 241 187
170 170 226 0 193 113 114
168 45 128 0 67 244 245
117 7 131 0 221 81 4
100 57 2 0 82 249 3
217 16 33 0 7 48 216
174 215 156 0 59 54 5
222 153 15 0 110 207 11
168 173 181 0 116 23 51
192 125 237 0 242 234 184
105 84 7 0 102 238 173
11 32 172 0 238 66 49
154 117 114 0 38 227 66
249 79 215 0 35 51 176
217 129 179 0 44 114 125
105 2 181 0 85 93 116
88 111 49 0 186 178 131
201 218 191 0 216 155 44
236 38 209 0 97 134 160
220 232 31 0 187 96 44
59 211 159 0 134 62 78
58 177 239 0 85 50 107
21 73 95 0 2 106 255
87 182 4 0 172 64 64
89 188 148 0 92 191 244
70 226 111 0 124 188 180
132 75 174 0 134 83 65
81 3 120 0 198 38 73
20 106 249 0 68 134 102
179 88 218 0 76 204 227
65 223 49 0 212 121 74
80 55 94 0 56 84 154
87 194 218 0 186 171 213
24 112 57 0 50 1 158
207 128 80 0 34 201 215
244 56 63 0 45 215 144
233 241 234 0 150 217 235
134 82 118 0 170 15 130
19 147 234 0 217 62 221
166 112 36 0 35 177 93
188 38 123 0 48 239 227
31 77 124 0 61 88 95
240 180 171 0 200 136 29
191 90 152 0 130 216 73
126 141 157 0 128 127 99
240 13 246 0 92 227 142
185 164 37 0 230 86 82
85 69 76 0 170 191 214
249 20 142 0 174 80 215
178 109 26 0 30 26 59
217 139 37 0 182 66 49
2 187 15 0 235 124 97
152 118 82 0 41 115 142
26 100 137 0 79 175 239
15 21 57 0 30 213 136
129 46 126 0 70 198 108
7 188 78 0 89 57 253
218 23 195 0 1 113 28
247 90 8 0 95 113 243
192 143 183 0 23 213 114
21 228 32 0 59 65 171
79 79 49 0 90 129 250
178 60 59 0 94 102 155
201 118 31 0 237 247 241
3 240 236 0 62 18 134
147 112 237 0 99 80 101
59 76 15 0 11 24 248
131 187 190 0 243 242 76
220 90 156 0 23 139 117
44 81 151 0 247 199 87
198 66 118 0 3 57 168
113 132 97 0 51 163 36
61 83 26 0 70 190 56
7 48 110 0 112 224 19
138 41 10 0 107 48 203
112 83 214 0 73 77 178
247 188 106 0 177 244 224
123 71 162 0 173 218 186
211 112 25 0 196 254 194
55 55 201 0 15 150 66
35 137 110 0 46 8 253
246 138 99 0 131 167 32
100 184 25 0 127 86 158
95 249 59 0 49 90 198
27 197 111 0 64 196 40
134 193 169 0 253 64 59
111 165 57 0 79 225 146
225 184 60 0 77 122 71
158 243 171 0 33 63 191
195 178 8 0 223 224 142
113 183 53 0 128 89 149
191 7 231 0 237 185 84
210 202 7 0 37 62 229
88 162 87 0 147 236 66
155 228 160 0 44 81 165
168 166 180 0 58 190 98
135 162 224 0 179 10 20
110 18 190 0 101 203 91
199 225 243 0 242 97 228
134 247 89 0 87 103 51
104 108 247 0 226 138 173
78 177 14 0 73 145 3
117 65 19 0 114 46 235
19 236 241 0 228 55 158
145 107 15 0 58 155 111
215 147 251 0 183 133 51
61 77 5 0 47 175 59
56 245 121 0 81 101 199
240 194 156 0 176 242 61
245 54 253 0 111 139 187
227 62 59 0 199 240 170
40 75 53 0 66 50 29
64 127 109 0 206 6 196
190 223 69 0 147 206 245
154 123 120 0 125 16 96
23 174 96 0 116 41 216
181 161 45 0 104 99 64
216 170 64 0 94 16 105
248 9 58 0 158 125 120
