231 217 200 0 236 65 35
58 26 6 0 175 167 247
205 34 52 0 18 255 145
91 98 15 0 19 119 112
199 84 120 0 33 94 45
109 92 251 0 87 96 150
174 136 201 0 254 31 192
219 183 101 0 102 202 44
207 6 39 0 184 22 100
83 13 133 0 44 130 209
169 183 93 0 46 89 52
244 30 8 0 219 102 201
139 37 183 0 42 95 240
67 244 66 0 152 142 173
104 87 247 0 80 192 180
88 127 164 0 78 14 48
198 125 96 0 131 57 144
23 160 96 0 157 188 99
162 167 133 0 141 26 251
60 241 208 0 35 123 2
89 31 134 0 116 45 136
72 80 211 0 172 216 238
11 38 203 0 92 96 191
16 164 21 0 149 183 182
201 217 141 0 155 159 109
27 158 172 0 183 56 109
149 108 46 0 47 32 182
173 228 111 0 62 147 96
9 221 2 0 236 54 104
60 136 48 0 193 107 94
64 98 255 0 224 175 24
237 110 182 0 53 132 242
174 51 235 0 213 174 106
23 250 182 0 48 10 50
222 69 59 0 206 159 5
179 136 209 0 185 87 238
39 199 17 0 229 213 75
16 42 176 0 189 152 10
110 1 244 0 43 16 171
70 121 230 0 95 211 152
80 13 217 0 241 47 136
191 195 183 0 152 116 254
248 54 157 0 230 50 150
124 105 109 0 85 29 88
137 117 137 0 64 17 177
172 210 217 0 205 14 128
236 119 170 0 224 27 170
134 118 220 0 215 145 218
90 211 67 0 125 16 89
166 204 170 0 103 71 89
125 226 196 0 12 71 33
229 112 29 0 18 99 120
218 5 90 0 178 87 218
189 240 140 0 11 34 166
72 50 229 0 38 113 63
99 63 51 0 192 215 7
155 126 234 0 208 242 161
233 183 41 0 41 189 78
191 225 224 0 139 1 95
33 166 49 0 90 113 176
230 44 81 0 138 112 172
194 240 235 0 222 239 142
8 111 106 0 95 142 194
219 87 250 0 21 210 66
48 56 249 0 100 194 123
126 34 146 0 208 83 247
217 22 38 0 211 234 152
115 194 39 0 244 124 237
253 45 1 0 129 81 123
124 207 1 0 154 143 103
104 36 217 0 223 244 165
152 178 206 0 82 72 219
169 15 176 0 130 98 190
133 214 253 0 41 168 174
171 161 253 0 211 134 66
201 15 56 0 182 29 130
144 2 96 0 228 120 248
65 73 27 0 29 248 85
176 108 103 0 110 220 136
51 41 208 0 208 220 9
