231 217 200 236 65 0 0
35 58 26 6 175 0 0
167 247 205 34 52 0 0
18 255 145 91 98 0 0
0 0 0 0 0 0 0

15 19 119 112 199 0 0
84 120 33 94 45 0 0
109 92 251 87 96 0 0
150 174 136 201 254 0 0
0 0 0 0 0 0 0

31 192 219 183 101 0 0
102 202 44 207 6 0 0
39 184 22 100 83 0 0
13 133 44 130 209 0 0
0 0 0 0 0 0 0

169 183 93 46 89 0 0
52 244 30 8 219 0 0
102 201 139 37 183 0 0
42 95 240 67 244 0 0
0 0 0 0 0 0 0

66 152 142 173 104 0 0
87 247 80 192 180 0 0
88 127 164 78 14 0 0
48 198 125 96 131 0 0
0 0 0 0 0 0 0

57 144 23 160 96 0 0
157 188 99 162 167 0 0
133 141 26 251 60 0 0
241 208 35 123 2 0 0
0 0 0 0 0 0 0

89 31 134 116 45 0 0
136 72 80 211 172 0 0
216 238 11 38 203 0 0
92 96 191 16 164 0 0
0 0 0 0 0 0 0

21 149 183 182 201 0 0
217 141 155 159 109 0 0
27 158 172 183 56 0 0
109 149 108 46 47 0 0
0 0 0 0 0 0 0

32 182 173 228 111 0 0
62 147 96 9 221 0 0
2 236 54 104 60 0 0
136 48 193 107 94 0 0
0 0 0 0 0 0 0

64 98 255 224 175 0 0
24 237 110 182 53 0 0
132 242 174 51 235 0 0
213 174 106 23 250 0 0
0 0 0 0 0 0 0

182 48 10 50 222 0 0
69 59 206 159 5 0 0
179 136 209 185 87 0 0
238 39 199 17 229 0 0
0 0 0 0 0 0 0

213 75 16 42 176 0 0
189 152 10 110 1 0 0
244 43 16 171 70 0 0
121 230 95 211 152 0 0
0 0 0 0 0 0 0

80 13 217 241 47 0 0
136 191 195 183 152 0 0
116 254 248 54 157 0 0
230 50 150 124 105 0 0
0 0 0 0 0 0 0

109 85 29 88 137 0 0
117 137 64 17 177 0 0
172 210 217 205 14 0 0
128 236 119 170 224 0 0
0 0 0 0 0 0 0

27 170 134 118 220 0 0
215 145 218 90 211 0 0
67 125 16 89 166 0 0
204 170 103 71 89 0 0
0 0 0 0 0 0 0

125 226 196 12 71 0 0
33 229 112 29 18 0 0
99 120 218 5 90 0 0
178 87 218 189 240 0 0
0 0 0 0 0 0 0

140 11 34 166 72 0 0
50 229 38 113 63 0 0
99 63 51 192 215 0 0
7 155 126 234 208 0 0
0 0 0 0 0 0 0

242 161 233 183 41 0 0
41 189 78 191 225 0 0
224 139 1 95 33 0 0
166 49 90 113 176 0 0
0 0 0 0 0 0 0

230 44 81 138 112 0 0
172 194 240 235 222 0 0
239 142 8 111 106 0 0
95 142 194 219 87 0 0
0 0 0 0 0 0 0

250 21 210 66 48 0 0
56 249 100 194 123 0 0
126 34 146 208 83 0 0
247 217 22 38 211 0 0
0 0 0 0 0 0 0

234 152 115 194 39 0 0
244 124 237 253 45 0 0
1 129 81 123 124 0 0
207 1 154 143 103 0 0
0 0 0 0 0 0 0

104 36 217 223 244 0 0
165 152 178 206 82 0 0
72 219 169 15 176 0 0
130 98 190 133 214 0 0
0 0 0 0 0 0 0

253 41 168 174 171 0 0
161 253 211 134 66 0 0
201 15 56 182 29 0 0
130 144 2 96 228 0 0
0 0 0 0 0 0 0

120 248 65 73 27 0 0
29 248 85 176 108 0 0
103 110 220 136 51 0 0
41 208 208 220 9 0 0
0 0 0 0 0 0 0

216 19 6 250 244 0 0
59 251 221 35 133 0 0
227 83 29 242 75 0 0
251 171 223 19 155 0 0
0 0 0 0 0 0 0

97 188 191 54 16 0 0
71 159 30 57 23 0 0
242 184 154 147 41 0 0
141 55 189 55 93 0 0
0 0 0 0 0 0 0

161 207 126 249 28 0 0
192 181 107 85 116 0 0
214 110 81 176 26 0 0
126 19 157 197 37 0 0
0 0 0 0 0 0 0

126 155 159 151 109 0 0
11 206 137 42 59 0 0
166 41 124 195 179 0 0
122 223 198 116 170 0 0
0 0 0 0 0 0 0

201 50 191 136 109 0 0
49 85 55 224 140 0 0
176 61 42 148 117 0 0
155 35 215 170 215 0 0
0 0 0 0 0 0 0

40 35 4 153 162 0 0
118 41 23 56 73 0 0
172 248 2 158 61 0 0
139 63 126 45 248 0 0
0 0 0 0 0 0 0

116 17 155 123 131 0 0
185 146 123 6 160 0 0
195 136 202 103 134 0 0
43 140 158 80 225 0 0
0 0 0 0 0 0 0

220 74 28 203 217 0 0
139 87 250 240 5 0 0
84 124 110 100 141 0 0
1 109 50 109 106 0 0
0 0 0 0 0 0 0

114 128 88 247 188 0 0
43 224 151 151 105 0 0
227 237 53 27 51 0 0
140 103 37 201 240 0 0
0 0 0 0 0 0 0

195 125 88 21 234 0 0
158 56 85 11 211 0 0
113 38 96 189 55 0 0
127 45 184 10 31 0 0
0 0 0 0 0 0 0

145 173 231 202 41 0 0
248 124 72 250 208 0 0
68 245 157 131 140 0 0
144 199 59 81 221 0 0
0 0 0 0 0 0 0

65 124 231 185 204 0 0
52 50 64 81 218 0 0
249 114 196 86 120 0 0
236 20 86 162 183 0 0
0 0 0 0 0 0 0

4 252 142 92 106 0 0
47 252 69 8 97 0 0
119 69 246 124 255 0 0
228 75 144 151 80 0 0
0 0 0 0 0 0 0

107 200 228 228 182 0 0
232 233 254 36 246 0 0
25 22 1 96 124 0 0
30 62 166 198 122 0 0
0 0 0 0 0 0 0

31 191 255 51 109 0 0
229 188 2 24 255 0 0
146 105 125 135 54 0 0
125 57 11 43 152 0 0
0 0 0 0 0 0 0

27 99 168 84 57 0 0
238 247 49 241 150 0 0
5 193 196 132 195 0 0
237 66 47 99 204 0 0
0 0 0 0 0 0 0

5 8 194 58 105 0 0
7 144 200 111 94 0 0
52 222 222 154 149 0 0
209 193 76 184 208 0 0
0 0 0 0 0 0 0

111 77 150 188 148 0 0
178 86 185 56 210 0 0
109 82 30 29 186 0 0
96 213 232 5 98 0 0
0 0 0 0 0 0 0

111 254 118 67 130 0 0
197 77 115 112 78 0 0
22 61 29 75 240 0 0
42 133 174 148 50 0 0
0 0 0 0 0 0 0

246 149 175 119 213 0 0
104 96 108 101 82 0 0
80 232 36 137 3 0 0
145 32 32 78 7 0 0
0 0 0 0 0 0 0

123 24 54 96 170 0 0
77 61 103 59 213 0 0
46 210 151 103 97 0 0
83 241 48 215 159 0 0
0 0 0 0 0 0 0

99 138 36 74 59 0 0
148 116 10 175 220 0 0
125 13 102 73 177 0 0
184 212 222 129 127 0 0
0 0 0 0 0 0 0

128 109 249 229 69 0 0
126 213 168 81 148 0 0
223 200 217 38 245 0 0
74 245 230 109 176 0 0
0 0 0 0 0 0 0

86 46 116 11 24 0 0
190 91 224 84 230 0 0
160 106 102 24 49 0 0
225 255 19 33 81 0 0
0 0 0 0 0 0 0

23 76 178 214 90 0 0
90 13 192 154 229 0 0
198 57 190 253 245 0 0
17 211 6 154 31 0 0
0 0 0 0 0 0 0

238 249 104 99 83 0 0
85 115 166 12 19 0 0
9 183 236 5 220 0 0
18 243 179 152 234 0 0
0 0 0 0 0 0 0

15 248 167 201 207 0 0
127 74 54 102 45 0 0
85 31 97 5 18 0 0
173 75 184 107 186 0 0
0 0 0 0 0 0 0

67 112 211 110 167 0 0
253 146 104 68 82 0 0
45 140 127 213 168 0 0
92 65 70 184 32 0 0
0 0 0 0 0 0 0

141 209 178 245 183 0 0
235 21 211 186 51 0 0
37 42 145 170 168 0 0
92 3 230 67 116 0 0
0 0 0 0 0 0 0

229 255 47 213 232 0 0
106 228 115 8 165 0 0
100 236 102 44 119 0 0
83 129 154 97 195 0 0
0 0 0 0 0 0 0

102 167 161 59 121 0 0
171 174 30 119 45 0 0
188 43 132 47 14 0 0
18 163 65 49 6 0 0
0 0 0 0 0 0 0

194 222 142 144 149 0 0
244 14 230 161 250 0 0
26 213 199 217 52 0 0
212 203 238 66 17 0 0
0 0 0 0 0 0 0

208 75 142 185 130 0 0
144 30 163 213 156 0 0
176 142 211 16 58 0 0
232 102 233 162 24 0 0
0 0 0 0 0 0 0

109 189 123 133 215 0 0
186 117 186 2 128 0 0
165 105 77 77 38 0 0
48 209 176 224 221 0 0
0 0 0 0 0 0 0

146 75 192 130 159 0 0
254 86 209 62 247 0 0
16 150 79 68 118 0 0
32 70 244 14 89 0 0
0 0 0 0 0 0 0

139 191 60 8 7 0 0
29 40 173 133 97 0 0
133 235 229 11 155 0 0
40 202 211 30 119 0 0
0 0 0 0 0 0 0

244 192 171 69 172 0 0
159 113 23 184 59 0 0
241 187 170 170 226 0 0
193 113 114 168 45 0 0
0 0 0 0 0 0 0

128 67 244 245 117 0 0
7 131 221 81 4 0 0
100 57 2 82 249 0 0
3 217 16 33 7 0 0
0 0 0 0 0 0 0

48 216 174 215 156 0 0
59 54 5 222 153 0 0
15 110 207 11 168 0 0
173 181 116 23 51 0 0
0 0 0 0 0 0 0

192 125 237 242 234 0 0
184 105 84 7 102 0 0
238 173 11 32 172 0 0
238 66 49 154 117 0 0
0 0 0 0 0 0 0

114 38 227 66 249 0 0
79 215 35 51 176 0 0
217 129 179 44 114 0 0
125 105 2 181 85 0 0
0 0 0 0 0 0 0

93 116 88 111 49 0 0
186 178 131 201 218 0 0
191 216 155 44 236 0 0
38 209 97 134 160 0 0
0 0 0 0 0 0 0

220 232 31 187 96 0 0
44 59 211 159 134 0 0
62 78 58 177 239 0 0
85 50 107 21 73 0 0
0 0 0 0 0 0 0

95 2 106 255 87 0 0
182 4 172 64 64 0 0
89 188 148 92 191 0 0
244 70 226 111 124 0 0
0 0 0 0 0 0 0

188 180 132 75 174 0 0
134 83 65 81 3 0 0
120 198 38 73 20 0 0
106 249 68 134 102 0 0
0 0 0 0 0 0 0

179 88 218 76 204 0 0
227 65 223 49 212 0 0
121 74 80 55 94 0 0
56 84 154 87 194 0 0
0 0 0 0 0 0 0

218 186 171 213 24 0 0
112 57 50 1 158 0 0
207 128 80 34 201 0 0
215 244 56 63 45 0 0
0 0 0 0 0 0 0

215 144 233 241 234 0 0
150 217 235 134 82 0 0
118 170 15 130 19 0 0
147 234 217 62 221 0 0
0 0 0 0 0 0 0

166 112 36 35 177 0 0
93 188 38 123 48 0 0
239 227 31 77 124 0 0
61 88 95 240 180 0 0
0 0 0 0 0 0 0

171 200 136 29 191 0 0
90 152 130 216 73 0 0
126 141 157 128 127 0 0
99 240 13 246 92 0 0
0 0 0 0 0 0 0

227 142 185 164 37 0 0
230 86 82 85 69 0 0
76 170 191 214 249 0 0
20 142 174 80 215 0 0
0 0 0 0 0 0 0

178 109 26 30 26 0 0
59 217 139 37 182 0 0
66 49 2 187 15 0 0
235 124 97 152 118 0 0
0 0 0 0 0 0 0

82 41 115 142 26 0 0
100 137 79 175 239 0 0
15 21 57 30 213 0 0
136 129 46 126 70 0 0
0 0 0 0 0 0 0

198 108 7 188 78 0 0
89 57 253 218 23 0 0
195 1 113 28 247 0 0
90 8 95 113 243 0 0
0 0 0 0 0 0 0

192 143 183 23 213 0 0
114 21 228 32 59 0 0
65 171 79 79 49 0 0
90 129 250 178 60 0 0
0 0 0 0 0 0 0

59 94 102 155 201 0 0
118 31 237 247 241 0 0
3 240 236 62 18 0 0
134 147 112 237 99 0 0
0 0 0 0 0 0 0

80 101 59 76 15 0 0
11 24 248 131 187 0 0
190 243 242 76 220 0 0
90 156 23 139 117 0 0
0 0 0 0 0 0 0

44 81 151 247 199 0 0
87 198 66 118 3 0 0
57 168 113 132 97 0 0
51 163 36 61 83 0 0
0 0 0 0 0 0 0

26 70 190 56 7 0 0
48 110 112 224 19 0 0
138 41 10 107 48 0 0
203 112 83 214 73 0 0
0 0 0 0 0 0 0

77 178 247 188 106 0 0
177 244 224 123 71 0 0
162 173 218 186 211 0 0
112 25 196 254 194 0 0
0 0 0 0 0 0 0

55 55 201 15 150 0 0
66 35 137 110 46 0 0
8 253 246 138 99 0 0
131 167 32 100 184 0 0
0 0 0 0 0 0 0

25 127 86 158 95 0 0
249 59 49 90 198 0 0
27 197 111 64 196 0 0
40 134 193 169 253 0 0
0 0 0 0 0 0 0

64 59 111 165 57 0 0
79 225 146 225 184 0 0
60 77 122 71 158 0 0
243 171 33 63 191 0 0
0 0 0 0 0 0 0

195 178 8 223 224 0 0
142 113 183 53 128 0 0
89 149 191 7 231 0 0
237 185 84 210 202 0 0
0 0 0 0 0 0 0

7 37 62 229 88 0 0
162 87 147 236 66 0 0
155 228 160 44 81 0 0
165 168 166 180 58 0 0
0 0 0 0 0 0 0

190 98 135 162 224 0 0
179 10 20 110 18 0 0
190 101 203 91 199 0 0
225 243 242 97 228 0 0
0 0 0 0 0 0 0

134 247 89 87 103 0 0
51 104 108 247 226 0 0
138 173 78 177 14 0 0
73 145 3 117 65 0 0
0 0 0 0 0 0 0

19 114 46 235 19 0 0
236 241 228 55 158 0 0
145 107 15 58 155 0 0
111 215 147 251 183 0 0
0 0 0 0 0 0 0

133 51 61 77 5 0 0
47 175 59 56 245 0 0
121 81 101 199 240 0 0
194 156 176 242 61 0 0
0 0 0 0 0 0 0

245 54 253 111 139 0 0
187 227 62 59 199 0 0
240 170 40 75 53 0 0
66 50 29 64 127 0 0
0 0 0 0 0 0 0

109 206 6 196 190 0 0
223 69 147 206 245 0 0
154 123 120 125 16 0 0
96 23 174 96 116 0 0
0 0 0 0 0 0 0

41 216 181 161 45 0 0
104 99 64 216 170 0 0
64 94 16 105 248 0 0
9 58 158 125 120 0 0
0 0 0 0 0 0 0

252 147 22 114 216 0 0
37 198 147 104 137 0 0
181 12 148 120 185 0 0
147 42 126 201 122 0 0
0 0 0 0 0 0 0

137 39 2 81 60 0 0
123 244 84 17 129 0 0
104 192 21 20 4 0 0
181 227 230 164 36 0 0
0 0 0 0 0 0 0

136 221 134 132 137 0 0
26 66 189 98 127 0 0
48 190 100 164 185 0 0
27 243 166 121 82 0 0
0 0 0 0 0 0 0

87 231 183 113 109 0 0
120 139 39 240 76 0 0
6 149 165 132 39 0 0
68 253 208 184 219 0 0
0 0 0 0 0 0 0

64 190 102 26 78 0 0
241 81 195 164 137 0 0
12 246 142 99 100 0 0
127 129 60 95 170 0 0
0 0 0 0 0 0 0

215 158 103 217 111 0 0
240 42 247 212 89 0 0
123 18 107 102 133 0 0
79 89 177 66 156 0 0
0 0 0 0 0 0 0

233 24 57 227 80 0 0
120 57 108 141 245 0 0
195 170 156 51 112 0 0
122 220 1 60 227 0 0
0 0 0 0 0 0 0

94 177 67 115 84 0 0
209 53 241 116 84 0 0
239 185 182 45 239 0 0
151 131 167 12 249 0 0
0 0 0 0 0 0 0

22 45 159 168 171 0 0
67 223 106 162 229 0 0
81 137 147 118 182 0 0
241 183 215 9 195 0 0
0 0 0 0 0 0 0

13 98 86 36 251 0 0
81 98 2 214 25 0 0
23 172 39 109 162 0 0
182 42 244 58 93 0 0
0 0 0 0 0 0 0

133 55 178 91 190 0 0
218 132 186 3 73 0 0
226 70 80 126 96 0 0
11 203 20 215 153 0 0
0 0 0 0 0 0 0

60 72 240 243 7 0 0
17 91 189 95 188 0 0
106 109 125 24 253 0 0
22 219 159 151 239 0 0
0 0 0 0 0 0 0

243 95 24 223 215 0 0
124 168 170 139 11 0 0
104 170 225 42 74 0 0
18 81 218 146 231 0 0
0 0 0 0 0 0 0

68 28 172 7 92 0 0
75 17 51 117 63 0 0
1 208 8 222 244 0 0
97 148 242 79 203 0 0
0 0 0 0 0 0 0

220 43 229 1 15 0 0
121 99 210 50 152 0 0
170 213 69 107 191 0 0
94 153 120 78 108 0 0
0 0 0 0 0 0 0

63 163 87 182 222 0 0
231 209 209 154 200 0 0
133 13 50 127 108 0 0
183 97 199 252 246 0 0
0 0 0 0 0 0 0

125 97 6 36 209 0 0
57 39 46 80 63 0 0
94 236 5 150 86 0 0
123 6 154 33 214 0 0
0 0 0 0 0 0 0

228 199 190 45 156 0 0
165 12 88 247 67 0 0
67 235 169 239 50 0 0
114 195 128 244 122 0 0
0 0 0 0 0 0 0

109 217 124 159 216 0 0
3 55 212 137 55 0 0
237 143 96 48 37 0 0
107 62 36 1 160 0 0
0 0 0 0 0 0 0

71 94 70 168 217 0 0
79 141 176 4 81 0 0
50 144 130 20 180 0 0
197 28 92 162 124 0 0
0 0 0 0 0 0 0

175 7 80 11 41 0 0
85 208 227 98 86 0 0
56 128 124 222 8 0 0
209 155 249 74 35 0 0
0 0 0 0 0 0 0

61 190 226 34 115 0 0
118 123 68 209 170 0 0
140 129 88 244 38 0 0
209 62 84 134 7 0 0
0 0 0 0 0 0 0

53 111 66 23 216 0 0
138 52 135 28 172 0 0
161 98 236 61 202 0 0
132 126 224 190 22 0 0
0 0 0 0 0 0 0

159 120 226 131 184 0 0
41 11 198 17 34 0 0
134 80 150 112 227 0 0
100 51 75 198 202 0 0
0 0 0 0 0 0 0

229 114 65 92 147 0 0
83 6 11 180 12 0 0
120 153 243 13 252 0 0
43 19 200 147 216 0 0
0 0 0 0 0 0 0

22 86 64 215 120 0 0
35 217 192 1 156 0 0
71 110 229 164 80 0 0
36 100 78 82 241 0 0
0 0 0 0 0 0 0

201 42 137 32 80 0 0
70 5 61 245 234 0 0
132 84 92 137 160 0 0
87 198 66 251 107 0 0
0 0 0 0 0 0 0

252 40 166 47 81 0 0
32 236 139 28 144 0 0
36 33 153 195 236 0 0
58 206 76 80 235 0 0
0 0 0 0 0 0 0

172 79 131 32 69 0 0
227 143 179 37 248 0 0
133 1 153 90 59 0 0
36 234 205 136 175 0 0
0 0 0 0 0 0 0

47 178 174 125 173 0 0
14 252 102 201 55 0 0
175 160 231 118 240 0 0
170 22 183 5 4 0 0
0 0 0 0 0 0 0

110 29 2 176 65 0 0
204 149 87 134 138 0 0
59 158 136 168 7 0 0
179 187 117 47 30 0 0
0 0 0 0 0 0 0

75 144 42 74 208 0 0
202 54 229 246 26 0 0
150 157 238 242 65 0 0
47 16 204 71 241 0 0
0 0 0 0 0 0 0

16 229 160 197 108 0 0
72 203 156 61 32 0 0
237 102 159 189 6 0 0
129 1 157 71 253 0 0
0 0 0 0 0 0 0

93 84 46 57 54 0 0
57 194 93 9 180 0 0
238 43 52 105 192 0 0
50 199 139 172 84 0 0
0 0 0 0 0 0 0

121 131 157 73 175 0 0
190 77 117 155 159 0 0
199 79 99 135 210 0 0
84 201 211 238 46 0 0
0 0 0 0 0 0 0

53 116 91 58 10 0 0
66 235 57 173 66 0 0
27 137 159 6 181 0 0
65 49 169 170 95 0 0
0 0 0 0 0 0 0

210 61 9 222 10 0 0
106 44 135 143 149 0 0
24 102 249 88 152 0 0
246 190 156 179 195 0 0
0 0 0 0 0 0 0

39 120 133 130 30 0 0
28 208 120 200 219 0 0
78 29 54 213 194 0 0
80 153 40 22 118 0 0
0 0 0 0 0 0 0

14 100 255 168 47 0 0
60 182 32 233 80 0 0
102 180 83 110 246 0 0
17 204 172 92 99 0 0
0 0 0 0 0 0 0

181 224 55 80 194 0 0
90 151 208 180 48 0 0
139 56 113 61 101 0 0
185 195 146 226 53 0 0
0 0 0 0 0 0 0

77 96 164 130 51 0 0
242 163 218 118 88 0 0
77 53 169 125 116 0 0
73 84 3 108 135 0 0
0 0 0 0 0 0 0

96 5 112 77 108 0 0
1 149 214 123 226 0 0
74 89 188 81 245 0 0
195 95 245 248 50 0 0
0 0 0 0 0 0 0

120 73 234 123 33 0 0
213 250 163 59 189 0 0
110 8 71 66 232 0 0
77 173 188 115 174 0 0
0 0 0 0 0 0 0

54 95 58 180 59 0 0
102 103 114 164 200 0 0
29 129 22 164 62 0 0
187 39 168 251 245 0 0
0 0 0 0 0 0 0

176 114 193 163 161 0 0
199 6 240 57 194 0 0
138 244 154 114 179 0 0
195 86 110 224 129 0 0
0 0 0 0 0 0 0

89 14 38 108 179 0 0
16 115 116 227 165 0 0
39 249 183 76 148 0 0
197 175 43 54 59 0 0
0 0 0 0 0 0 0

128 1 14 93 171 0 0
73 36 105 87 110 0 0
234 69 218 213 21 0 0
173 232 59 46 237 0 0
0 0 0 0 0 0 0

30 105 118 251 232 0 0
195 39 150 215 114 0 0
83 211 127 107 246 0 0
151 218 117 194 100 0 0
0 0 0 0 0 0 0

228 243 84 180 168 0 0
255 43 81 150 253 0 0
242 103 112 82 197 0 0
132 7 114 95 42 0 0
0 0 0 0 0 0 0

85 161 71 124 232 0 0
218 67 99 152 65 0 0
63 123 173 18 206 0 0
24 88 5 38 111 0 0
0 0 0 0 0 0 0

133 238 100 75 192 0 0
145 217 184 77 244 0 0
103 99 129 244 38 0 0
73 8 117 33 40 0 0
0 0 0 0 0 0 0

223 141 155 123 142 0 0
217 92 136 72 82 0 0
183 130 57 197 115 0 0
29 65 155 176 51 0 0
0 0 0 0 0 0 0

19 8 233 201 31 0 0
60 31 44 114 236 0 0
91 73 212 232 122 0 0
62 236 185 130 214 0 0
0 0 0 0 0 0 0

2 170 68 214 200 0 0
109 222 145 79 101 0 0
232 19 64 18 235 0 0
150 249 22 33 55 0 0
0 0 0 0 0 0 0

25 169 120 56 250 0 0
219 57 236 42 6 0 0
165 167 209 81 157 0 0
125 201 109 94 246 0 0
0 0 0 0 0 0 0

234 136 237 80 59 0 0
46 181 146 114 93 0 0
46 111 249 229 160 0 0
45 198 209 198 185 0 0
0 0 0 0 0 0 0

203 60 200 94 31 0 0
103 32 43 62 182 0 0
223 137 252 61 45 0 0
250 244 139 181 13 0 0
0 0 0 0 0 0 0

98 145 25 175 31 0 0
140 101 133 249 209 0 0
78 115 21 220 200 0 0
80 98 156 51 208 0 0
0 0 0 0 0 0 0

208 46 108 154 17 0 0
26 212 111 225 241 0 0
23 97 53 81 232 0 0
80 228 160 248 161 0 0
0 0 0 0 0 0 0

208 3 139 213 76 0 0
96 64 61 226 1 0 0
142 137 146 143 246 0 0
83 150 25 202 232 0 0
0 0 0 0 0 0 0

161 82 242 178 128 0 0
66 19 240 51 73 0 0
226 167 95 73 58 0 0
4 165 181 245 15 0 0
0 0 0 0 0 0 0

198 159 115 46 187 0 0
68 246 89 111 7 0 0
144 237 145 196 174 0 0
239 112 172 171 56 0 0
0 0 0 0 0 0 0

93 113 185 47 7 0 0
93 98 167 177 150 0 0
183 169 102 143 26 0 0
68 152 192 2 129 0 0
0 0 0 0 0 0 0

146 167 231 28 1 0 0
217 168 32 190 110 0 0
165 67 46 201 67 0 0
153 255 110 233 168 0 0
0 0 0 0 0 0 0

49 95 159 59 124 0 0
199 197 69 30 44 0 0
216 163 194 68 177 0 0
162 205 98 113 222 0 0
0 0 0 0 0 0 0

76 144 34 43 255 0 0
146 138 46 15 189 0 0
13 192 188 86 104 0 0
133 169 49 79 78 0 0
0 0 0 0 0 0 0

155 242 136 153 18 0 0
14 149 183 250 168 0 0
185 219 121 222 146 0 0
43 63 166 93 93 0 0
0 0 0 0 0 0 0

114 231 15 221 151 0 0
131 31 51 137 53 0 0
245 144 111 219 65 0 0
215 85 20 218 103 0 0
0 0 0 0 0 0 0

40 218 234 191 143 0 0
222 230 132 16 248 0 0
113 89 252 6 85 0 0
195 71 219 163 69 0 0
0 0 0 0 0 0 0

202 20 157 3 237 0 0
172 65 110 140 158 0 0
37 243 155 105 138 0 0
38 13 231 17 89 0 0
0 0 0 0 0 0 0

249 65 26 168 218 0 0
234 59 50 42 199 0 0
228 28 250 92 232 0 0
97 248 66 34 156 0 0
0 0 0 0 0 0 0

39 154 133 12 143 0 0
222 10 231 29 210 0 0
147 200 37 128 49 0 0
29 207 7 193 116 0 0
0 0 0 0 0 0 0

250 90 55 206 169 0 0
196 254 203 212 47 0 0
59 152 3 31 80 0 0
22 201 121 152 223 0 0
0 0 0 0 0 0 0

242 234 206 94 144 0 0
43 144 8 35 171 0 0
184 179 58 167 66 0 0
44 71 132 124 17 0 0
0 0 0 0 0 0 0

117 127 173 121 254 0 0
124 67 31 24 138 0 0
27 209 91 195 194 0 0
173 114 137 236 104 0 0
0 0 0 0 0 0 0

172 114 166 156 77 0 0
146 27 52 166 79 0 0
246 230 254 232 49 0 0
159 89 60 30 119 0 0
0 0 0 0 0 0 0

252 4 168 139 114 0 0
250 161 138 227 20 0 0
194 97 75 247 240 0 0
117 21 225 239 47 0 0
0 0 0 0 0 0 0

251 89 106 126 93 0 0
97 37 194 113 189 0 0
32 84 207 110 94 0 0
97 198 43 11 187 0 0
0 0 0 0 0 0 0

73 76 112 140 247 0 0
246 1 68 197 197 0 0
48 9 75 76 159 0 0
132 61 161 8 76 0 0
0 0 0 0 0 0 0

218 239 77 115 145 0 0
151 92 2 181 155 0 0
147 155 170 83 121 0 0
176 215 17 228 226 0 0
0 0 0 0 0 0 0

244 6 44 166 134 0 0
92 170 122 140 23 0 0
84 206 238 23 136 0 0
145 18 213 146 123 0 0
0 0 0 0 0 0 0

9 156 59 231 185 0 0
108 140 251 143 177 0 0
54 188 248 194 54 0 0
78 100 144 41 217 0 0
0 0 0 0 0 0 0

8 162 237 121 197 0 0
147 252 232 152 116 0 0
57 99 167 238 110 0 0
157 143 24 130 10 0 0
0 0 0 0 0 0 0

116 139 229 159 232 0 0
177 193 70 72 9 0 0
203 72 196 153 68 0 0
192 137 130 233 111 0 0
0 0 0 0 0 0 0

6 71 17 182 88 0 0
215 158 44 226 163 0 0
199 220 236 72 132 0 0
100 88 175 177 215 0 0
0 0 0 0 0 0 0

198 70 33 216 251 0 0
17 183 229 19 22 0 0
59 180 163 31 58 0 0
226 5 50 70 25 0 0
0 0 0 0 0 0 0

67 146 239 35 135 0 0
90 171 250 75 55 0 0
204 230 92 73 116 0 0
89 244 48 2 208 0 0
0 0 0 0 0 0 0

171 44 235 47 216 0 0
217 149 61 193 206 0 0
211 202 93 107 213 0 0
201 66 243 133 157 0 0
0 0 0 0 0 0 0

56 2 227 77 48 0 0
154 127 24 28 87 0 0
47 131 88 97 212 0 0
149 122 147 142 173 0 0
0 0 0 0 0 0 0

238 54 197 69 87 0 0
38 33 42 148 222 0 0
138 190 151 203 166 0 0
226 77 152 250 128 0 0
0 0 0 0 0 0 0

148 237 117 92 168 0 0
10 109 5 140 161 0 0
63 246 25 171 235 0 0
153 248 237 16 119 0 0
0 0 0 0 0 0 0

82 11 4 56 180 0 0
90 22 9 205 210 0 0
201 55 72 25 63 0 0
219 85 176 29 19 0 0
0 0 0 0 0 0 0

234 73 231 248 113 0 0
137 245 59 83 145 0 0
36 239 170 87 172 0 0
103 137 243 49 26 0 0
0 0 0 0 0 0 0

35 228 168 184 252 0 0
203 179 169 71 31 0 0
151 67 164 252 160 0 0
105 101 4 170 171 0 0
0 0 0 0 0 0 0

212 232 250 171 107 0 0
38 84 170 131 23 0 0
112 205 128 145 181 0 0
168 158 193 160 182 0 0
0 0 0 0 0 0 0

203 117 132 53 168 0 0
77 214 194 11 217 0 0
220 153 90 24 53 0 0
164 68 203 99 193 0 0
0 0 0 0 0 0 0

13 194 140 31 44 0 0
41 191 163 44 163 0 0
213 153 39 179 128 0 0
191 130 55 177 170 0 0
0 0 0 0 0 0 0

78 85 73 100 245 0 0
21 160 215 171 232 0 0
180 225 163 141 179 0 0
59 228 128 149 173 0 0
0 0 0 0 0 0 0

119 105 202 46 149 0 0
91 38 170 212 27 0 0
201 127 146 118 17 0 0
27 109 68 5 159 0 0
0 0 0 0 0 0 0

17 7 18 83 187 0 0
210 38 104 214 16 0 0
100 108 61 244 61 0 0
83 219 35 185 12 0 0
0 0 0 0 0 0 0

204 59 217 179 243 0 0
73 211 130 115 77 0 0
183 95 211 137 145 0 0
190 240 56 176 28 0 0
0 0 0 0 0 0 0

148 102 31 101 62 0 0
134 20 202 227 56 0 0
113 176 160 94 108 0 0
148 211 62 125 164 0 0
0 0 0 0 0 0 0

66 155 75 4 167 0 0
202 68 215 193 7 0 0
142 222 58 141 124 0 0
215 169 217 19 67 0 0
0 0 0 0 0 0 0

77 2 70 113 32 0 0
51 6 184 58 30 0 0
227 26 40 220 4 0 0
83 177 227 215 43 0 0
0 0 0 0 0 0 0
