231 217 200 0 236 65 35
58 26 6 0 175 167 247
205 34 52 0 18 255 145
91 98 15 0 19 119 112
199 84 120 0 33 94 45
109 92 251 0 87 96 150
174 136 201 0 254 31 192
219 183 101 0 102 202 44
207 6 39 0 184 22 100
83 13 133 0 44 130 209
169 183 93 0 46 89 52
244 30 8 0 219 102 201
139 37 183 0 42 95 240
67 244 66 0 152 142 173
104 87 247 0 80 192 180
88 127 164 0 78 14 48
198 125 96 0 131 57 144
23 160 96 0 157 188 99
162 167 133 0 141 26 251
60 241 208 0 35 123 2
89 31 134 0 116 45 136
72 80 211 0 172 216 238
11 38 203 0 92 96 191
16 164 21 0 149 183 182
201 217 141 0 155 159 109
27 158 172 0 183 56 109
149 108 46 0 47 32 182
173 228 111 0 62 147 96
9 221 2 0 236 54 104
60 136 48 0 193 107 94
64 98 255 0 224 175 24
237 110 182 0 53 132 242
174 51 235 0 213 174 106
23 250 182 0 48 10 50
222 69 59 0 206 159 5
179 136 209 0 185 87 238
39 199 17 0 229 213 75
16 42 176 0 189 152 10
110 1 244 0 43 16 171
70 121 230 0 95 211 152
80 13 217 0 241 47 136
191 195 183 0 152 116 254
248 54 157 0 230 50 150
124 105 109 0 85 29 88
137 117 137 0 64 17 177
172 210 217 0 205 14 128
236 119 170 0 224 27 170
134 118 220 0 215 145 218
90 211 67 0 125 16 89
166 204 170 0 103 71 89
125 226 196 0 12 71 33
229 112 29 0 18 99 120
218 5 90 0 178 87 218
189 240 140 0 11 34 166
72 50 229 0 38 113 63
99 63 51 0 192 215 7
155 126 234 0 208 242 161
233 183 41 0 41 189 78
191 225 224 0 139 1 95
33 166 49 0 90 113 176
230 44 81 0 138 112 172
194 240 235 0 222 239 142
8 111 106 0 95 142 194
219 87 250 0 21 210 66
48 56 249 0 100 194 123
126 34 146 0 208 83 247
217 22 38 0 211 234 152
115 194 39 0 244 124 237
253 45 1 0 129 81 123
124 207 1 0 154 143 103
104 36 217 0 223 244 165
152 178 206 0 82 72 219
169 15 176 0 130 98 190
133 214 253 0 41 168 174
171 161 253 0 211 134 66
201 15 56 0 182 29 130
144 2 96 0 228 120 248
65 73 27 0 29 248 85
176 108 103 0 110 220 136
51 41 208 0 208 220 9
216 19 6 0 250 244 59
251 221 35 0 133 227 83
29 242 75 0 251 171 223
19 155 97 0 188 191 54
16 71 159 0 30 57 23
242 184 154 0 147 41 141
55 189 55 0 93 161 207
126 249 28 0 192 181 107
85 116 214 0 110 81 176
26 126 19 0 157 197 37
126 155 159 0 151 109 11
206 137 42 0 59 166 41
124 195 179 0 122 223 198
116 170 201 0 50 191 136
109 49 85 0 55 224 140
176 61 42 0 148 117 155
35 215 170 0 215 40 35
4 153 162 0 118 41 23
56 73 172 0 248 2 158
61 139 63 0 126 45 248
116 17 155 0 123 131 185
146 123 6 0 160 195 136
202 103 134 0 43 140 158
80 225 220 0 74 28 203
217 139 87 0 250 240 5
84 124 110 0 100 141 1
109 50 109 0 106 114 128
88 247 188 0 43 224 151
151 105 227 0 237 53 27
51 140 103 0 37 201 240
195 125 88 0 21 234 158
56 85 11 0 211 113 38
96 189 55 0 127 45 184
10 31 145 0 173 231 202
41 248 124 0 72 250 208
68 245 157 0 131 140 144
199 59 81 0 221 65 124
231 185 204 0 52 50 64
81 218 249 0 114 196 86
120 236 20 0 86 162 183
4 252 142 0 92 106 47
252 69 8 0 97 119 69
246 124 255 0 228 75 144
151 80 107 0 200 228 228
182 232 233 0 254 36 246
25 22 1 0 96 124 30
62 166 198 0 122 31 191
255 51 109 0 229 188 2
24 255 146 0 105 125 135
54 125 57 0 11 43 152
27 99 168 0 84 57 238
247 49 241 0 150 5 193
196 132 195 0 237 66 47
99 204 5 0 8 194 58
105 7 144 0 200 111 94
52 222 222 0 154 149 209
193 76 184 0 208 111 77
150 188 148 0 178 86 185
56 210 109 0 82 30 29
186 96 213 0 232 5 98
111 254 118 0 67 130 197
77 115 112 0 78 22 61
29 75 240 0 42 133 174
148 50 246 0 149 175 119
213 104 96 0 108 101 82
80 232 36 0 137 3 145
32 32 78 0 7 123 24
54 96 170 0 77 61 103
59 213 46 0 210 151 103
97 83 241 0 48 215 159
99 138 36 0 74 59 148
116 10 175 0 220 125 13
102 73 177 0 184 212 222
129 127 128 0 109 249 229
69 126 213 0 168 81 148
223 200 217 0 38 245 74
245 230 109 0 176 86 46
116 11 24 0 190 91 224
84 230 160 0 106 102 24
49 225 255 0 19 33 81
23 76 178 0 214 90 90
13 192 154 0 229 198 57
190 253 245 0 17 211 6
154 31 238 0 249 104 99
83 85 115 0 166 12 19
9 183 236 0 5 220 18
243 179 152 0 234 15 248
167 201 207 0 127 74 54
102 45 85 0 31 97 5
18 173 75 0 184 107 186
67 112 211 0 110 167 253
146 104 68 0 82 45 140
127 213 168 0 92 65 70
184 32 141 0 209 178 245
183 235 21 0 211 186 51
37 42 145 0 170 168 92
3 230 67 0 116 229 255
47 213 232 0 106 228 115
8 165 100 0 236 102 44
119 83 129 0 154 97 195
102 167 161 0 59 121 171
174 30 119 0 45 188 43
132 47 14 0 18 163 65
49 6 194 0 222 142 144
149 244 14 0 230 161 250
26 213 199 0 217 52 212
203 238 66 0 17 208 75
142 185 130 0 144 30 163
213 156 176 0 142 211 16
58 232 102 0 233 162 24
109 189 123 0 133 215 186
117 186 2 0 128 165 105
77 77 38 0 48 209 176
224 221 146 0 75 192 130
159 254 86 0 209 62 247
16 150 79 0 68 118 32
70 244 14 0 89 139 191
60 8 7 0 29 40 173
133 97 133 0 235 229 11
155 40 202 0 211 30 119
244 192 171 0 69 172 159
113 23 184 0 59 241 187
170 170 226 0 193 113 114
168 45 128 0 67 244 245
117 7 131 0 221 81 4
100 57 2 0 82 249 3
217 16 33 0 7 48 216
174 215 156 0 59 54 5
222 153 15 0 110 207 11
168 173 181 0 116 23 51
192 125 237 0 242 234 184
105 84 7 0 102 238 173
11 32 172 0 238 66 49
154 117 114 0 38 227 66
249 79 215 0 35 51 176
217 129 179 0 44 114 125
105 2 181 0 85 93 116
88 111 49 0 186 178 131
201 218 191 0 216 155 44
236 38 209 0 97 134 160
220 232 31 0 187 96 44
59 211 159 0 134 62 78
58 177 239 0 85 50 107
21 73 95 0 2 106 255
87 182 4 0 172 64 64
89 188 148 0 92 191 244
70 226 111 0 124 188 180
132 75 174 0 134 83 65
81 3 120 0 198 38 73
20 106 249 0 68 134 102
179 88 218 0 76 204 227
65 223 49 0 212 121 74
80 55 94 0 56 84 154
87 194 218 0 186 171 213
24 112 57 0 50 1 158
207 128 80 0 34 201 215
244 56 63 0 45 215 144
233 241 234 0 150 217 235
134 82 118 0 170 15 130
19 147 234 0 217 62 221
166 112 36 0 35 177 93
188 38 123 0 48 239 227
31 77 124 0 61 88 95
240 180 171 0 200 136 29
191 90 152 0 130 216 73
126 141 157 0 128 127 99
240 13 246 0 92 227 142
185 164 37 0 230 86 82
85 69 76 0 170 191 214
249 20 142 0 174 80 215
178 109 26 0 30 26 59
217 139 37 0 182 66 49
2 187 15 0 235 124 97
152 118 82 0 41 115 142
26 100 137 0 79 175 239
15 21 57 0 30 213 136
129 46 126 0 70 198 108
7 188 78 0 89 57 253
218 23 195 0 1 113 28
247 90 8 0 95 113 243
192 143 183 0 23 213 114
21 228 32 0 59 65 171
79 79 49 0 90 129 250
178 60 59 0 94 102 155
201 118 31 0 237 247 241
3 240 236 0 62 18 134
147 112 237 0 99 80 101
59 76 15 0 11 24 248
131 187 190 0 243 242 76
220 90 156 0 23 139 117
44 81 151 0 247 199 87
198 66 118 0 3 57 168
113 132 97 0 51 163 36
61 83 26 0 70 190 56
7 48 110 0 112 224 19
138 41 10 0 107 48 203
112 83 214 0 73 77 178
247 188 106 0 177 244 224
123 71 162 0 173 218 186
211 112 25 0 196 254 194
55 55 201 0 15 150 66
35 137 110 0 46 8 253
246 138 99 0 131 167 32
100 184 25 0 127 86 158
95 249 59 0 49 90 198
27 197 111 0 64 196 40
134 193 169 0 253 64 59
111 165 57 0 79 225 146
225 184 60 0 77 122 71
158 243 171 0 33 63 191
195 178 8 0 223 224 142
113 183 53 0 128 89 149
191 7 231 0 237 185 84
210 202 7 0 37 62 229
88 162 87 0 147 236 66
155 228 160 0 44 81 165
168 166 180 0 58 190 98
135 162 224 0 179 10 20
110 18 190 0 101 203 91
199 225 243 0 242 97 228
134 247 89 0 87 103 51
104 108 247 0 226 138 173
78 177 14 0 73 145 3
117 65 19 0 114 46 235
19 236 241 0 228 55 158
145 107 15 0 58 155 111
215 147 251 0 183 133 51
61 77 5 0 47 175 59
56 245 121 0 81 101 199
240 194 156 0 176 242 61
245 54 253 0 111 139 187
227 62 59 0 199 240 170
40 75 53 0 66 50 29
64 127 109 0 206 6 196
190 223 69 0 147 206 245
154 123 120 0 125 16 96
23 174 96 0 116 41 216
181 161 45 0 104 99 64
216 170 64 0 94 16 105
248 9 58 0 158 125 120
252 147 22 0 114 216 37
198 147 104 0 137 181 12
148 120 185 0 147 42 126
201 122 137 0 39 2 81
60 123 244 0 84 17 129
104 192 21 0 20 4 181
227 230 164 0 36 136 221
134 132 137 0 26 66 189
98 127 48 0 190 100 164
185 27 243 0 166 121 82
87 231 183 0 113 109 120
139 39 240 0 76 6 149
165 132 39 0 68 253 208
184 219 64 0 190 102 26
78 241 81 0 195 164 137
12 246 142 0 99 100 127
129 60 95 0 170 215 158
103 217 111 0 240 42 247
212 89 123 0 18 107 102
133 79 89 0 177 66 156
233 24 57 0 227 80 120
57 108 141 0 245 195 170
156 51 112 0 122 220 1
60 227 94 0 177 67 115
84 209 53 0 241 116 84
239 185 182 0 45 239 151
131 167 12 0 249 22 45
159 168 171 0 67 223 106
162 229 81 0 137 147 118
182 241 183 0 215 9 195
13 98 86 0 36 251 81
98 2 214 0 25 23 172
39 109 162 0 182 42 244
58 93 133 0 55 178 91
190 218 132 0 186 3 73
226 70 80 0 126 96 11
203 20 215 0 153 60 72
240 243 7 0 17 91 189
95 188 106 0 109 125 24
253 22 219 0 159 151 239
243 95 24 0 223 215 124
168 170 139 0 11 104 170
225 42 74 0 18 81 218
146 231 68 0 28 172 7
92 75 17 0 51 117 63
1 208 8 0 222 244 97
148 242 79 0 203 220 43
229 1 15 0 121 99 210
50 152 170 0 213 69 107
191 94 153 0 120 78 108
63 163 87 0 182 222 231
209 209 154 0 200 133 13
50 127 108 0 183 97 199
252 246 125 0 97 6 36
209 57 39 0 46 80 63
94 236 5 0 150 86 123
6 154 33 0 214 228 199
190 45 156 0 165 12 88
247 67 67 0 235 169 239
50 114 195 0 128 244 122
109 217 124 0 159 216 3
55 212 137 0 55 237 143
96 48 37 0 107 62 36
1 160 71 0 94 70 168
217 79 141 0 176 4 81
50 144 130 0 20 180 197
28 92 162 0 124 175 7
80 11 41 0 85 208 227
98 86 56 0 128 124 222
8 209 155 0 249 74 35
61 190 226 0 34 115 118
123 68 209 0 170 140 129
88 244 38 0 209 62 84
134 7 53 0 111 66 23
216 138 52 0 135 28 172
161 98 236 0 61 202 132
126 224 190 0 22 159 120
226 131 184 0 41 11 198
17 34 134 0 80 150 112
227 100 51 0 75 198 202
229 114 65 0 92 147 83
6 11 180 0 12 120 153
243 13 252 0 43 19 200
147 216 22 0 86 64 215
120 35 217 0 192 1 156
71 110 229 0 164 80 36
100 78 82 0 241 201 42
137 32 80 0 70 5 61
245 234 132 0 84 92 137
160 87 198 0 66 251 107
252 40 166 0 47 81 32
236 139 28 0 144 36 33
153 195 236 0 58 206 76
80 235 172 0 79 131 32
69 227 143 0 179 37 248
133 1 153 0 90 59 36
234 205 136 0 175 47 178
174 125 173 0 14 252 102
201 55 175 0 160 231 118
240 170 22 0 183 5 4
110 29 2 0 176 65 204
149 87 134 0 138 59 158
136 168 7 0 179 187 117
47 30 75 0 144 42 74
208 202 54 0 229 246 26
150 157 238 0 242 65 47
16 204 71 0 241 16 229
160 197 108 0 72 203 156
61 32 237 0 102 159 189
6 129 1 0 157 71 253
93 84 46 0 57 54 57
194 93 9 0 180 238 43
52 105 192 0 50 199 139
172 84 121 0 131 157 73
175 190 77 0 117 155 159
199 79 99 0 135 210 84
201 211 238 0 46 53 116
91 58 10 0 66 235 57
173 66 27 0 137 159 6
181 65 49 0 169 170 95
210 61 9 0 222 10 106
44 135 143 0 149 24 102
249 88 152 0 246 190 156
179 195 39 0 120 133 130
30 28 208 0 120 200 219
78 29 54 0 213 194 80
153 40 22 0 118 14 100
255 168 47 0 60 182 32
233 80 102 0 180 83 110
246 17 204 0 172 92 99
181 224 55 0 80 194 90
151 208 180 0 48 139 56
113 61 101 0 185 195 146
226 53 77 0 96 164 130
51 242 163 0 218 118 88
77 53 169 0 125 116 73
84 3 108 0 135 96 5
112 77 108 0 1 149 214
123 226 74 0 89 188 81
245 195 95 0 245 248 50
120 73 234 0 123 33 213
250 163 59 0 189 110 8
71 66 232 0 77 173 188
115 174 54 0 95 58 180
59 102 103 0 114 164 200
29 129 22 0 164 62 187
39 168 251 0 245 176 114
193 163 161 0 199 6 240
57 194 138 0 244 154 114
179 195 86 0 110 224 129
89 14 38 0 108 179 16
115 116 227 0 165 39 249
183 76 148 0 197 175 43
54 59 128 0 1 14 93
171 73 36 0 105 87 110
234 69 218 0 213 21 173
232 59 46 0 237 30 105
118 251 232 0 195 39 150
215 114 83 0 211 127 107
246 151 218 0 117 194 100
228 243 84 0 180 168 255
43 81 150 0 253 242 103
112 82 197 0 132 7 114
95 42 85 0 161 71 124
232 218 67 0 99 152 65
63 123 173 0 18 206 24
88 5 38 0 111 133 238
100 75 192 0 145 217 184
77 244 103 0 99 129 244
38 73 8 0 117 33 40
223 141 155 0 123 142 217
92 136 72 0 82 183 130
57 197 115 0 29 65 155
176 51 19 0 8 233 201
31 60 31 0 44 114 236
91 73 212 0 232 122 62
236 185 130 0 214 2 170
68 214 200 0 109 222 145
79 101 232 0 19 64 18
235 150 249 0 22 33 55
25 169 120 0 56 250 219
57 236 42 0 6 165 167
209 81 157 0 125 201 109
94 246 234 0 136 237 80
59 46 181 0 146 114 93
46 111 249 0 229 160 45
198 209 198 0 185 203 60
200 94 31 0 103 32 43
62 182 223 0 137 252 61
45 250 244 0 139 181 13
98 145 25 0 175 31 140
101 133 249 0 209 78 115
21 220 200 0 80 98 156
51 208 208 0 46 108 154
17 26 212 0 111 225 241
23 97 53 0 81 232 80
228 160 248 0 161 208 3
139 213 76 0 96 64 61
226 1 142 0 137 146 143
246 83 150 0 25 202 232
161 82 242 0 178 128 66
19 240 51 0 73 226 167
95 73 58 0 4 165 181
245 15 198 0 159 115 46
187 68 246 0 89 111 7
144 237 145 0 196 174 239
112 172 171 0 56 93 113
185 47 7 0 93 98 167
177 150 183 0 169 102 143
26 68 152 0 192 2 129
146 167 231 0 28 1 217
168 32 190 0 110 165 67
46 201 67 0 153 255 110
233 168 49 0 95 159 59
124 199 197 0 69 30 44
216 163 194 0 68 177 162
205 98 113 0 222 76 144
34 43 255 0 146 138 46
15 189 13 0 192 188 86
104 133 169 0 49 79 78
155 242 136 0 153 18 14
149 183 250 0 168 185 219
121 222 146 0 43 63 166
93 93 114 0 231 15 221
151 131 31 0 51 137 53
245 144 111 0 219 65 215
85 20 218 0 103 40 218
234 191 143 0 222 230 132
16 248 113 0 89 252 6
85 195 71 0 219 163 69
202 20 157 0 3 237 172
65 110 140 0 158 37 243
155 105 138 0 38 13 231
17 89 249 0 65 26 168
218 234 59 0 50 42 199
228 28 250 0 92 232 97
248 66 34 0 156 39 154
133 12 143 0 222 10 231
29 210 147 0 200 37 128
49 29 207 0 7 193 116
250 90 55 0 206 169 196
254 203 212 0 47 59 152
3 31 80 0 22 201 121
152 223 242 0 234 206 94
144 43 144 0 8 35 171
184 179 58 0 167 66 44
71 132 124 0 17 117 127
173 121 254 0 124 67 31
24 138 27 0 209 91 195
194 173 114 0 137 236 104
172 114 166 0 156 77 146
27 52 166 0 79 246 230
254 232 49 0 159 89 60
30 119 252 0 4 168 139
114 250 161 0 138 227 20
194 97 75 0 247 240 117
21 225 239 0 47 251 89
106 126 93 0 97 37 194
113 189 32 0 84 207 110
94 97 198 0 43 11 187
73 76 112 0 140 247 246
1 68 197 0 197 48 9
75 76 159 0 132 61 161
8 76 218 0 239 77 115
145 151 92 0 2 181 155
147 155 170 0 83 121 176
215 17 228 0 226 244 6
44 166 134 0 92 170 122
140 23 84 0 206 238 23
136 145 18 0 213 146 123
9 156 59 0 231 185 108
140 251 143 0 177 54 188
248 194 54 0 78 100 144
41 217 8 0 162 237 121
197 147 252 0 232 152 116
57 99 167 0 238 110 157
143 24 130 0 10 116 139
229 159 232 0 177 193 70
72 9 203 0 72 196 153
68 192 137 0 130 233 111
6 71 17 0 182 88 215
158 44 226 0 163 199 220
236 72 132 0 100 88 175
177 215 198 0 70 33 216
251 17 183 0 229 19 22
59 180 163 0 31 58 226
5 50 70 0 25 67 146
239 35 135 0 90 171 250
75 55 204 0 230 92 73
116 89 244 0 48 2 208
171 44 235 0 47 216 217
149 61 193 0 206 211 202
93 107 213 0 201 66 243
133 157 56 0 2 227 77
48 154 127 0 24 28 87
47 131 88 0 97 212 149
122 147 142 0 173 238 54
197 69 87 0 38 33 42
148 222 138 0 190 151 203
166 226 77 0 152 250 128
148 237 117 0 92 168 10
109 5 140 0 161 63 246
25 171 235 0 153 248 237
16 119 82 0 11 4 56
180 90 22 0 9 205 210
201 55 72 0 25 63 219
85 176 29 0 19 234 73
231 248 113 0 137 245 59
83 145 36 0 239 170 87
172 103 137 0 243 49 26
35 228 168 0 184 252 203
179 169 71 0 31 151 67
164 252 160 0 105 101 4
170 171 212 0 232 250 171
107 38 84 0 170 131 23
112 205 128 0 145 181 168
158 193 160 0 182 203 117
132 53 168 0 77 214 194
11 217 220 0 153 90 24
53 164 68 0 203 99 193
