231 217 200 236 65 0 0
35 58 26 6 175 0 0
167 247 205 34 52 0 0
18 255 145 91 98 0 0
0 0 0 0 0 0 0

15 19 119 112 199 0 0
84 120 33 94 45 0 0
109 92 251 87 96 0 0
150 174 136 201 254 0 0
0 0 0 0 0 0 0

31 192 219 183 101 0 0
102 202 44 207 6 0 0
39 184 22 100 83 0 0
13 133 44 130 209 0 0
0 0 0 0 0 0 0

169 183 93 46 89 0 0
52 244 30 8 219 0 0
102 201 139 37 183 0 0
42 95 240 67 244 0 0
0 0 0 0 0 0 0

66 152 142 173 104 0 0
87 247 80 192 180 0 0
88 127 164 78 14 0 0
48 198 125 96 131 0 0
0 0 0 0 0 0 0

57 144 23 160 96 0 0
157 188 99 162 167 0 0
133 141 26 251 60 0 0
241 208 35 123 2 0 0
0 0 0 0 0 0 0

89 31 134 116 45 0 0
136 72 80 211 172 0 0
216 238 11 38 203 0 0
92 96 191 16 164 0 0
0 0 0 0 0 0 0

21 149 183 182 201 0 0
217 141 155 159 109 0 0
27 158 172 183 56 0 0
109 149 108 46 47 0 0
0 0 0 0 0 0 0

32 182 173 228 111 0 0
62 147 96 9 221 0 0
2 236 54 104 60 0 0
136 48 193 107 94 0 0
0 0 0 0 0 0 0

64 98 255 224 175 0 0
24 237 110 182 53 0 0
132 242 174 51 235 0 0
213 174 106 23 250 0 0
0 0 0 0 0 0 0

182 48 10 50 222 0 0
69 59 206 159 5 0 0
179 136 209 185 87 0 0
238 39 199 17 229 0 0
0 0 0 0 0 0 0

213 75 16 42 176 0 0
189 152 10 110 1 0 0
244 43 16 171 70 0 0
121 230 95 211 152 0 0
0 0 0 0 0 0 0

80 13 217 241 47 0 0
136 191 195 183 152 0 0
116 254 248 54 157 0 0
230 50 150 124 105 0 0
0 0 0 0 0 0 0

109 85 29 88 137 0 0
117 137 64 17 177 0 0
172 210 217 205 14 0 0
128 236 119 170 224 0 0
0 0 0 0 0 0 0

27 170 134 118 220 0 0
215 145 218 90 211 0 0
67 125 16 89 166 0 0
204 170 103 71 89 0 0
0 0 0 0 0 0 0

125 226 196 12 71 0 0
33 229 112 29 18 0 0
99 120 218 5 90 0 0
178 87 218 189 240 0 0
0 0 0 0 0 0 0

140 11 34 166 72 0 0
50 229 38 113 63 0 0
99 63 51 192 215 0 0
7 155 126 234 208 0 0
0 0 0 0 0 0 0

242 161 233 183 41 0 0
41 189 78 191 225 0 0
224 139 1 95 33 0 0
166 49 90 113 176 0 0
0 0 0 0 0 0 0

230 44 81 138 112 0 0
172 194 240 235 222 0 0
239 142 8 111 106 0 0
95 142 194 219 87 0 0
0 0 0 0 0 0 0

250 21 210 66 48 0 0
56 249 100 194 123 0 0
126 34 146 208 83 0 0
247 217 22 38 211 0 0
0 0 0 0 0 0 0

