27 62 17 36 173 98 25 198
230 28 169 8 80 58 239 222
200 38 237 110 202 57 109 243
239 100 7 183 147 44 89 221
162 115 64 49 167 172 55 156
106 56 38 65 55 225 223 60
39 108 210 3 172 230 227 51
250 33 159 174 114 55 94 241
121 169 174 83 120 30 234 161
210 119 109 192 234 22 211 39
154 175 66 174 146 157 117 163
12 179 183 182 218 22 35 81
148 63 160 167 144 116 236 164
131 219 234 64 62 246 187 129
156 227 186 169 135 183 192 156
97 33 223 193 5 34 8 113
230 225 199 205 33 243 88 135
254 91 70 153 242 89 165 116
180 24 131 127 116 54 229 247
218 237 151 60 223 175 180 88
233 128 34 1 127 16 84 113
103 4 242 118 133 50 27 75
196 85 248 249 66 1 15 220
74 27 73 139 81 173 243 156
245 212 223 238 218 94 84 192
116 184 241 170 53 30 34 158
3 31 79 183 245 131 216 74
201 177 118 92 157 216 62 41
82 196 125 237 76 134 58 246
206 236 155 126 245 81 154 249
79 59 89 104 238 185 201 219
59 214 244 48 158 91 58 214
76 13 37 146 100 111 245 8
215 59 187 237 63 159 185 163
47 75 200 93 212 40 222 211
116 55 124 116 47 236 138 2
4 206 171 123 212 164 234 128
149 4 56 72 69 209 252 137
117 201 81 160 29 126 11 37
49 195 142 108 155 221 74 28
231 177 44 240 170 11 70 109
38 128 137 144 62 109 73 165
90 106 102 205 32 30 36 129
30 38 200 75 102 196 149 140
225 15 113 27 162 223 95 166
78 229 141 103 77 124 135 247
222 132 238 122 215 195 87 141
195 92 92 12 243 23 208 251
103 229 148 58 34 83 72 21
75 158 0 148 243 241 94 29
28 107 138 94 126 135 151 205
166 43 193 86 202 125 219 118
140 220 110 50 27 53 49 19
114 134 103 5 53 209 76 62
39 140 173 239 199 144 114 204
196 193 157 166 185 5 92 222
110 66 131 164 46 207 48 218
47 57 114 235 177 229 211 8
128 145 16 208 44 128 208 173
135 7 179 206 155 21 232 155
148 76 253 6 43 81 61 100
78 124 156 26 147 114 166 243
76 50 224 220 59 83 43 1
213 129 6 5 10 92 46 47