231 217 200 236 65 35 58
26 6 175 167 247 205 34
52 18 255 145 91 98 15
19 119 112 199 84 120 33
94 45 109 92 251 87 96
150 174 136 201 254 31 192
219 183 101 102 202 44 207
6 39 184 22 100 83 13
133 44 130 209 169 183 93
46 89 52 244 30 8 219
102 201 139 37 183 42 95
240 67 244 66 152 142 173
104 87 247 80 192 180 88
127 164 78 14 48 198 125
96 131 57 144 23 160 96
157 188 99 162 167 133 141
26 251 60 241 208 35 123
2 89 31 134 116 45 136
72 80 211 172 216 238 11
38 203 92 96 191 16 164
21 149 183 182 201 217 141
155 159 109 27 158 172 183
56 109 149 108 46 47 32
182 173 228 111 62 147 96
9 221 2 236 54 104 60
136 48 193 107 94 64 98
255 224 175 24 237 110 182
53 132 242 174 51 235 213
174 106 23 250 182 48 10
50 222 69 59 206 159 5
179 136 209 185 87 238 39
199 17 229 213 75 16 42
176 189 152 10 110 1 244
43 16 171 70 121 230 95
211 152 80 13 217 241 47
136 191 195 183 152 116 254
248 54 157 230 50 150 124
105 109 85 29 88 137 117
137 64 17 177 172 210 217
205 14 128 236 119 170 224
27 170 134 118 220 215 145
218 90 211 67 125 16 89
166 204 170 103 71 89 125
226 196 12 71 33 229 112
29 18 99 120 218 5 90
178 87 218 189 240 140 11
34 166 72 50 229 38 113
63 99 63 51 192 215 7
155 126 234 208 242 161 233
183 41 41 189 78 191 225
224 139 1 95 33 166 49
90 113 176 230 44 81 138
112 172 194 240 235 222 239
142 8 111 106 95 142 194
219 87 250 21 210 66 48
56 249 100 194 123 126 34
146 208 83 247 217 22 38
211 234 152 115 194 39 244
124 237 253 45 1 129 81
123 124 207 1 154 143 103
104 36 217 223 244 165 152
178 206 82 72 219 169 15
176 130 98 190 133 214 253
41 168 174 171 161 253 211
134 66 201 15 56 182 29
130 144 2 96 228 120 248
65 73 27 29 248 85 176
108 103 110 220 136 51 41
208 208 220 9 216 19 6
250 244 59 251 221 35 133
227 83 29 242 75 251 171
223 19 155 97 188 191 54
16 71 159 30 57 23 242
184 154 147 41 141 55 189
55 93 161 207 126 249 28
192 181 107 85 116 214 110
81 176 26 126 19 157 197
37 126 155 159 151 109 11
206 137 42 59 166 41 124
195 179 122 223 198 116 170
201 50 191 136 109 49 85
55 224 140 176 61 42 148
117 155 35 215 170 215 40
35 4 153 162 118 41 23
56 73 172 248 2 158 61
139 63 126 45 248 116 17
155 123 131 185 146 123 6
160 195 136 202 103 134 43
140 158 80 225 220 74 28
203 217 139 87 250 240 5
84 124 110 100 141 1 109
50 109 106 114 128 88 247
188 43 224 151 151 105 227
237 53 27 51 140 103 37
201 240 195 125 88 21 234
158 56 85 11 211 113 38
96 189 55 127 45 184 10
31 145 173 231 202 41 248
124 72 250 208 68 245 157
131 140 144 199 59 81 221
65 124 231 185 204 52 50
64 81 218 249 114 196 86
120 236 20 86 162 183 4
252 142 92 106 47 252 69
8 97 119 69 246 124 255
228 75 144 151 80 107 200
228 228 182 232 233 254 36
246 25 22 1 96 124 30
62 166 198 122 31 191 255
51 109 229 188 2 24 255
146 105 125 135 54 125 57
11 43 152 27 99 168 84
57 238 247 49 241 150 5
193 196 132 195 237 66 47
99 204 5 8 194 58 105
7 144 200 111 94 52 222
222 154 149 209 193 76 184
208 111 77 150 188 148 178
86 185 56 210 109 82 30
29 186 96 213 232 5 98
111 254 118 67 130 197 77
115 112 78 22 61 29 75
240 42 133 174 148 50 246
149 175 119 213 104 96 108
101 82 80 232 36 137 3
145 32 32 78 7 123 24
54 96 170 77 61 103 59
213 46 210 151 103 97 83
241 48 215 159 99 138 36
74 59 148 116 10 175 220
125 13 102 73 177 184 212
222 129 127 128 109 249 229
69 126 213 168 81 148 223
200 217 38 245 74 245 230
109 176 86 46 116 11 24
190 91 224 84 230 160 106
102 24 49 225 255 19 33
81 23 76 178 214 90 90
13 192 154 229 198 57 190
253 245 17 211 6 154 31
238 249 104 99 83 85 115
166 12 19 9 183 236 5
220 18 243 179 152 234 15
248 167 201 207 127 74 54
102 45 85 31 97 5 18
173 75 184 107 186 67 112
211 110 167 253 146 104 68
82 45 140 127 213 168 92
65 70 184 32 141 209 178
245 183 235 21 211 186 51
37 42 145 170 168 92 3
230 67 116 229 255 47 213
232 106 228 115 8 165 100
236 102 44 119 83 129 154
97 195 102 167 161 59 121
171 174 30 119 45 188 43
132 47 14 18 163 65 49
6 194 222 142 144 149 244
14 230 161 250 26 213 199
217 52 212 203 238 66 17
208 75 142 185 130 144 30
163 213 156 176 142 211 16
58 232 102 233 162 24 109
189 123 133 215 186 117 186
2 128 165 105 77 77 38
48 209 176 224 221 146 75
192 130 159 254 86 209 62
247 16 150 79 68 118 32
70 244 14 89 139 191 60
8 7 29 40 173 133 97
133 235 229 11 155 40 202
211 30 119 244 192 171 69
172 159 113 23 184 59 241
187 170 170 226 193 113 114
168 45 128 67 244 245 117
7 131 221 81 4 100 57
2 82 249 3 217 16 33
7 48 216 174 215 156 59
54 5 222 153 15 110 207
11 168 173 181 116 23 51
192 125 237 242 234 184 105
84 7 102 238 173 11 32
172 238 66 49 154 117 114
38 227 66 249 79 215 35
51 176 217 129 179 44 114
125 105 2 181 85 93 116
88 111 49 186 178 131 201
218 191 216 155 44 236 38
209 97 134 160 220 232 31
187 96 44 59 211 159 134
62 78 58 177 239 85 50
107 21 73 95 2 106 255
87 182 4 172 64 64 89
188 148 92 191 244 70 226
111 124 188 180 132 75 174
134 83 65 81 3 120 198
38 73 20 106 249 68 134
102 179 88 218 76 204 227
65 223 49 212 121 74 80
55 94 56 84 154 87 194
218 186 171 213 24 112 57
50 1 158 207 128 80 34
201 215 244 56 63 45 215
144 233 241 234 150 217 235
134 82 118 170 15 130 19
147 234 217 62 221 166 112
36 35 177 93 188 38 123
48 239 227 31 77 124 61
88 95 240 180 171 200 136
29 191 90 152 130 216 73
126 141 157 128 127 99 240
13 246 92 227 142 185 164
37 230 86 82 85 69 76
170 191 214 249 20 142 174
80 215 178 109 26 30 26
59 217 139 37 182 66 49
2 187 15 235 124 97 152
118 82 41 115 142 26 100
137 79 175 239 15 21 57
30 213 136 129 46 126 70
198 108 7 188 78 89 57
253 218 23 195 1 113 28
247 90 8 95 113 243 192
143 183 23 213 114 21 228
32 59 65 171 79 79 49
90 129 250 178 60 59 94
102 155 201 118 31 237 247
241 3 240 236 62 18 134
147 112 237 99 80 101 59
76 15 11 24 248 131 187
190 243 242 76 220 90 156
23 139 117 44 81 151 247
199 87 198 66 118 3 57
168 113 132 97 51 163 36
61 83 26 70 190 56 7
48 110 112 224 19 138 41
10 107 48 203 112 83 214
73 77 178 247 188 106 177
244 224 123 71 162 173 218
186 211 112 25 196 254 194
55 55 201 15 150 66 35
137 110 46 8 253 246 138
99 131 167 32 100 184 25
127 86 158 95 249 59 49
90 198 27 197 111 64 196
40 134 193 169 253 64 59
111 165 57 79 225 146 225
184 60 77 122 71 158 243
171 33 63 191 195 178 8
223 224 142 113 183 53 128
89 149 191 7 231 237 185
84 210 202 7 37 62 229
88 162 87 147 236 66 155
228 160 44 81 165 168 166
180 58 190 98 135 162 224
179 10 20 110 18 190 101
203 91 199 225 243 242 97
228 134 247 89 87 103 51
104 108 247 226 138 173 78
177 14 73 145 3 117 65
19 114 46 235 19 236 241
228 55 158 145 107 15 58
155 111 215 147 251 183 133
51 61 77 5 47 175 59
56 245 121 81 101 199 240
194 156 176 242 61 245 54
253 111 139 187 227 62 59
199 240 170 40 75 53 66
50 29 64 127 109 206 6
196 190 223 69 147 206 245
154 123 120 125 16 96 23
174 96 116 41 216 181 161
45 104 99 64 216 170 64
94 16 105 248 9 58 158
125 120 252 147 22 114 216
37 198 147 104 137 181 12
148 120 185 147 42 126 201
122 137 39 2 81 60 123
244 84 17 129 104 192 21
20 4 181 227 230 164 36
136 221 134 132 137 26 66
189 98 127 48 190 100 164
185 27 243 166 121 82 87
231 183 113 109 120 139 39
240 76 6 149 165 132 39
68 253 208 184 219 64 190
102 26 78 241 81 195 164
137 12 246 142 99 100 127
129 60 95 170 215 158 103
217 111 240 42 247 212 89
123 18 107 102 133 79 89
177 66 156 233 24 57 227
80 120 57 108 141 245 195
170 156 51 112 122 220 1
60 227 94 177 67 115 84
209 53 241 116 84 239 185
182 45 239 151 131 167 12
249 22 45 159 168 171 67
223 106 162 229 81 137 147
118 182 241 183 215 9 195
13 98 86 36 251 81 98
2 214 25 23 172 39 109
162 182 42 244 58 93 133
55 178 91 190 218 132 186
3 73 226 70 80 126 96
11 203 20 215 153 60 72
240 243 7 17 91 189 95
188 106 109 125 24 253 22
219 159 151 239 243 95 24
223 215 124 168 170 139 11
104 170 225 42 74 18 81
218 146 231 68 28 172 7
92 75 17 51 117 63 1
208 8 222 244 97 148 242
79 203 220 43 229 1 15
121 99 210 50 152 170 213
69 107 191 94 153 120 78
108 63 163 87 182 222 231
209 209 154 200 133 13 50
127 108 183 97 199 252 246
125 97 6 36 209 57 39
46 80 63 94 236 5 150
86 123 6 154 33 214 228
199 190 45 156 165 12 88
247 67 67 235 169 239 50
114 195 128 244 122 109 217
124 159 216 3 55 212 137
55 237 143 96 48 37 107
62 36 1 160 71 94 70
168 217 79 141 176 4 81
50 144 130 20 180 197 28
92 162 124 175 7 80 11
41 85 208 227 98 86 56
128 124 222 8 209 155 249
74 35 61 190 226 34 115
118 123 68 209 170 140 129
88 244 38 209 62 84 134
7 53 111 66 23 216 138
52 135 28 172 161 98 236
61 202 132 126 224 190 22
159 120 226 131 184 41 11
198 17 34 134 80 150 112
227 100 51 75 198 202 229
114 65 92 147 83 6 11
180 12 120 153 243 13 252
43 19 200 147 216 22 86
64 215 120 35 217 192 1
156 71 110 229 164 80 36
100 78 82 241 201 42 137
32 80 70 5 61 245 234
132 84 92 137 160 87 198
66 251 107 252 40 166 47
81 32 236 139 28 144 36
33 153 195 236 58 206 76
80 235 172 79 131 32 69
227 143 179 37 248 133 1
153 90 59 36 234 205 136
175 47 178 174 125 173 14
252 102 201 55 175 160 231
118 240 170 22 183 5 4
110 29 2 176 65 204 149
87 134 138 59 158 136 168
7 179 187 117 47 30 75
144 42 74 208 202 54 229
246 26 150 157 238 242 65
47 16 204 71 241 16 229
160 197 108 72 203 156 61
32 237 102 159 189 6 129
1 157 71 253 93 84 46
57 54 57 194 93 9 180
238 43 52 105 192 50 199
139 172 84 121 131 157 73
175 190 77 117 155 159 199
79 99 135 210 84 201 211
238 46 53 116 91 58 10
66 235 57 173 66 27 137
159 6 181 65 49 169 170
95 210 61 9 222 10 106
44 135 143 149 24 102 249
88 152 246 190 156 179 195
39 120 133 130 30 28 208
120 200 219 78 29 54 213
194 80 153 40 22 118 14
100 255 168 47 60 182 32
233 80 102 180 83 110 246
17 204 172 92 99 181 224
55 80 194 90 151 208 180
48 139 56 113 61 101 185
195 146 226 53 77 96 164
130 51 242 163 218 118 88
77 53 169 125 116 73 84
3 108 135 96 5 112 77
108 1 149 214 123 226 74
89 188 81 245 195 95 245
248 50 120 73 234 123 33
213 250 163 59 189 110 8
71 66 232 77 173 188 115
174 54 95 58 180 59 102
103 114 164 200 29 129 22
164 62 187 39 168 251 245
176 114 193 163 161 199 6
240 57 194 138 244 154 114
179 195 86 110 224 129 89
14 38 108 179 16 115 116
227 165 39 249 183 76 148
197 175 43 54 59 128 1
14 93 171 73 36 105 87
110 234 69 218 213 21 173
232 59 46 237 30 105 118
251 232 195 39 150 215 114
83 211 127 107 246 151 218
117 194 100 228 243 84 180
168 255 43 81 150 253 242
103 112 82 197 132 7 114
95 42 85 161 71 124 232
218 67 99 152 65 63 123
173 18 206 24 88 5 38
111 133 238 100 75 192 145
217 184 77 244 103 99 129
244 38 73 8 117 33 40
223 141 155 123 142 217 92
136 72 82 183 130 57 197
115 29 65 155 176 51 19
8 233 201 31 60 31 44
114 236 91 73 212 232 122
62 236 185 130 214 2 170
68 214 200 109 222 145 79
101 232 19 64 18 235 150
249 22 33 55 25 169 120
56 250 219 57 236 42 6
165 167 209 81 157 125 201
109 94 246 234 136 237 80
59 46 181 146 114 93 46
111 249 229 160 45 198 209
198 185 203 60 200 94 31
103 32 43 62 182 223 137
252 61 45 250 244 139 181
13 98 145 25 175 31 140
101 133 249 209 78 115 21
220 200 80 98 156 51 208
208 46 108 154 17 26 212
111 225 241 23 97 53 81
232 80 228 160 248 161 208
3 139 213 76 96 64 61
226 1 142 137 146 143 246
83 150 25 202 232 161 82
242 178 128 66 19 240 51
73 226 167 95 73 58 4
165 181 245 15 198 159 115
46 187 68 246 89 111 7
144 237 145 196 174 239 112
172 171 56 93 113 185 47
7 93 98 167 177 150 183
169 102 143 26 68 152 192
2 129 146 167 231 28 1
217 168 32 190 110 165 67
46 201 67 153 255 110 233
168 49 95 159 59 124 199
197 69 30 44 216 163 194
68 177 162 205 98 113 222
76 144 34 43 255 146 138
46 15 189 13 192 188 86
104 133 169 49 79 78 155
242 136 153 18 14 149 183
250 168 185 219 121 222 146
43 63 166 93 93 114 231
15 221 151 131 31 51 137
53 245 144 111 219 65 215
85 20 218 103 40 218 234
191 143 222 230 132 16 248
113 89 252 6 85 195 71
219 163 69 202 20 157 3
237 172 65 110 140 158 37
243 155 105 138 38 13 231
17 89 249 65 26 168 218
234 59 50 42 199 228 28
250 92 232 97 248 66 34
156 39 154 133 12 143 222
10 231 29 210 147 200 37
128 49 29 207 7 193 116
250 90 55 206 169 196 254
203 212 47 59 152 3 31
80 22 201 121 152 223 242
234 206 94 144 43 144 8
35 171 184 179 58 167 66
44 71 132 124 17 117 127
173 121 254 124 67 31 24
138 27 209 91 195 194 173
114 137 236 104 172 114 166
156 77 146 27 52 166 79
246 230 254 232 49 159 89
60 30 119 252 4 168 139
114 250 161 138 227 20 194
97 75 247 240 117 21 225
239 47 251 89 106 126 93
97 37 194 113 189 32 84
207 110 94 97 198 43 11
187 73 76 112 140 247 246
1 68 197 197 48 9 75
76 159 132 61 161 8 76
218 239 77 115 145 151 92
2 181 155 147 155 170 83
121 176 215 17 228 226 244
6 44 166 134 92 170 122
140 23 84 206 238 23 136
145 18 213 146 123 9 156
59 231 185 108 140 251 143
177 54 188 248 194 54 78
100 144 41 217 8 162 237
121 197 147 252 232 152 116
57 99 167 238 110 157 143
24 130 10 116 139 229 159
232 177 193 70 72 9 203
72 196 153 68 192 137 130
233 111 6 71 17 182 88
215 158 44 226 163 199 220
236 72 132 100 88 175 177
215 198 70 33 216 251 17
183 229 19 22 59 180 163
31 58 226 5 50 70 25
67 146 239 35 135 90 171
250 75 55 204 230 92 73
116 89 244 48 2 208 171
44 235 47 216 217 149 61
193 206 211 202 93 107 213
201 66 243 133 157 56 2
227 77 48 154 127 24 28
87 47 131 88 97 212 149
122 147 142 173 238 54 197
69 87 38 33 42 148 222
138 190 151 203 166 226 77
152 250 128 148 237 117 92
168 10 109 5 140 161 63
246 25 171 235 153 248 237
16 119 82 11 4 56 180
90 22 9 205 210 201 55
72 25 63 219 85 176 29
19 234 73 231 248 113 137
245 59 83 145 36 239 170
87 172 103 137 243 49 26
35 228 168 184 252 203 179
169 71 31 151 67 164 252
160 105 101 4 170 171 212
232 250 171 107 38 84 170
131 23 112 205 128 145 181
168 158 193 160 182 203 117
132 53 168 77 214 194 11
217 220 153 90 24 53 164
68 203 99 193 13 194 140
31 44 41 191 163 44 163
213 153 39 179 128 191 130
55 177 170 78 85 73 100
245 21 160 215 171 232 180
225 163 141 179 59 228 128
149 173 119 105 202 46 149
91 38 170 212 27 201 127
146 118 17 27 109 68 5
159 17 7 18 83 187 210
38 104 214 16 100 108 61
244 61 83 219 35 185 12
204 59 217 179 243 73 211
130 115 77 183 95 211 137
145 190 240 56 176 28 148
102 31 101 62 134 20 202
227 56 113 176 160 94 108
148 211 62 125 164 66 155
75 4 167 202 68 215 193
7 142 222 58 141 124 215
169 217 19 67 77 2 70
113 32 51 6 184 58 30
227 26 40 220 4 83 177
227 215 43 6 43 112 107
231 246 128 67 129 148 109
154 36 1 156 34 121 154
18 10 210 52 115 225 175
9 144 89 39 148 44 138
158 96 187 218 239 102 86
112 114 140 197 232 240 238
157 237 109 7 186 218 71
99 147 193 75 146 140 93
194 34 77 102 34 133 112
187 29 14 252 108 153 166
87 196 167 249 221 220 242
60 137 181 12 88 30 109
108 31 228 64 47 106 171
84 127 128 25 120 52 249
45 209 50 217 53 36 35
129 83 177 27 4 215 187
159 34 245 201 101 122 55
37 147 130 27 85 215 115
65 165 230 14 19 215 37
34 121 40 162 28 87 100
244 169 113 203 204 50 4
78 237 44 211 179 32 249
186 167 61 221 63 240 25
55 84 27 37 182 238 37
64 53 23 253 160 255 154
157 246 122 110 231 17 84
172 202 91 65 171 211 217
32 99 194 76 86 99 67
231 204 135 213 225 222 92
178 251 137 138 61 29 135
160 54 150 83 231 24 86
97 60 214 248 245 241 77
254 154 61 220 193 75 84
127 136 136 215 142 136 241
236 8 170 34 166 233 75
123 145 157 160 161 199 190
226 96 41 85 247 143 33
223 86 147 196 14 81 68
239 102 3 219 203 98 241
255 246 230 18 211 90 252
135 209 83 191 215 246 209
239 212 228 224 44 54 77
211 86 250 56 42 120 33
19 118 145 185 206 156 58
54 61 181 227 209 63 186
4 226 54 73 116 129 203
23 205 24 196 197 239 81
228 113 105 205 148 243 31
46 146 198 186 69 223 228
25 27 193 106 130 108 245
137 164 64 154 82 160 224
84 234 41 70 110 23 202
83 105 164 232 240 214 204
123 95 60 110 135 103 118
17 48 152 90 99 92 124
128 95 41 103 168 113 138
105 217 218 52 42 124 20
198 3 227 130 21 96 232
193 117 186 231 105 160 171
53 15 81 112 40 193 33
77 74 5 184 113 128 17
193 124 55 23 10 140 155
28 93 167 201 181 137 130
33 195 224 54 177 108 40
226 202 60 46 198 65 132
68 80 11 87 114 118 90
240 15 30 76 75 64 125
205 137 232 100 117 130 68
172 26 17 113 236 223 142
77 41 140 183 32 197 197
229 75 7 254 57 223 42
146 98 21 36 184 31 103
76 120 37 122 34 198 164
137 196 97 72 200 212 221
98 136 234 153 72 26 98
109 69 187 91 182 68 59
204 222 207 213 184 150 13
247 213 193 98 112 168 216
115 180 112 101 51 148 126
90 76 184 31 82 46 84
102 161 96 2 196 25 217
194 148 89 22 21 83 115
1 21 149 217 159 78 200
51 65 165 39 3 67 56
231 51 47 229 138 133 72
236 243 69 93 68 253 125
238 175 173 239 193 182 48
225 81 152 155 174 79 128
48 33 204 40 160 143 225
251 75 111 139 6 107 202
140 193 22 106 67 110 211
60 44 86 135 222 249 14
35 34 66 184 19 94 244
224 141 86 202 133 1 199
102 130 225 179 253 134 16
41 201 49 166 100 4 191
83 227 121 55 141 10 232
89 37 64 179 50 145 80
204 207 28 38 124 68 96
30 184 242 118 47 231 189
240 193 110 137 93 49 171
237 142 237 43 166 90 230
222 125 249 21 129 31 61
63 196 143 197 196 14 216
33 222 246 85 106 1 117
56 6 61 106 117 116 240
121 105 26 167 165 11 210
204 242 18 164 74 57 143
206 164 39 76 94 141 144
241 58 76 22 128 55 130
227 217 86 242 185 252 76
207 172 122 223 49 77 163
89 100 253 162 255 207 102
112 156 151 50 127 59 176
6 81 240 83 195 53 188
11 59 128 55 228 127 181
50 214 9 157 108 217 119
75 24 198 194 242 27 86
80 103 252 252 23 123 48
200 143 106 190 27 164 71
228 135 67 64 236 90 236
63 154 174 167 184 23 234
46 228 197 112 26 122 58
67 120 203 116 4 124 66
228 158 197 90 86 129 219
168 55 60 228 86 252 197
12 219 71 86 224 136 66
152 202 72 91 65 124 254
29 125 207 27 82 131 168
175 138 193 240 198 102 119
193 157 247 127 220 78 52
200 140 100 185 237 114 1
150 137 100 38 167 67 204
102 183 182 228 34 185 200
152 221 236 12 68 52 132
186 228 242 34 154 151 125
231 208 47 37 26 129 41
234 168 104 238 53 219 6
188 245 105 135 153 75 32
92 160 21 13 166 48 216
213 175 149 120 217 95 38
150 251 84 202 167 197 49
199 196 114 222 229 41 208
248 48 70 21 62 31 86
21 66 71 3 3 20 195
231 208 124 227 178 181 56
144 129 127 143 108 218 135
83 32 191 119 93 62 90
28 5 182 225 70 133 34
90 133 163 107 142 212 82
189 96 206 189 61 66 181
34 154 57 210 35 228 60
47 112 115 252 34 79 106
104 33 123 46 27 120 235
137 18 203 129 178 229 121
199 17 118 130 145 194 11
201 174 85 69 131 62 19
103 138 112 203 235 208 177
5 187 177 65 124 96 76
26 25 188 141 79 241 204
94 59 75 50 74 118 62
45 118 157 64 244 88 36
186 153 59 252 94 28 8
54 133 245 94 227 162 166
171 236 120 149 254 184 223
23 130 185 191 220 13 60
193 254 61 31 237 22 236
197 3 122 46 94 176 181
45 219 43 92 225 121 46
61 72 38 212 174 237 168
110 150 116 53 114 34 151
159 71 210 1 163 32 126
171 6 255 235 77 25 26
253 102 200 102 203 108 64
203 128 219 117 198 192 31
19 190 197 231 207 196 32
215 48 107 115 199 172 15
25 21 30 140 114 2 243
173 141 85 42 133 247 169
203 231 179 11 86 158 77
200 149 142 67 249 23 140
49 105 147 59 154 113 126
232 71 194 94 54 116 166
145 148 251 199 176 52 6
162 216 145 169 121 59 180
244 108 135 176 143 193 226
195 115 33 22 79 203 36
162 139 46 35 192 168 246
93 135 198 80 32 80 54
66 218 203 194 112 17 61
15 45 128 97 154 47 93
192 114 137 85 253 241 200
88 112 215 180 179 53 169
221 152 242 57 166 212 81
167 201 201 165 140 33 127
102 186 202 7 200 220 44
200 197 19 69 31 24 49
15 13 105 201 216 44 44
197 96 241 3 169 121 35
130 246 206 240 37 128 24
3 91 204 228 32 54 167
10 191 199 236 178 133 161
99 19 123 156 101 191 65
215 96 125 34 153 68 74
218 130 180 172 136 22 229
240 1 151 9 229 161 189
159 176 217 65 247 8 92
187 220 197 183 97 124 66
23 91 157 174 249 22 6
89 197 232 238 42 21 175
92 16 155 49 184 87 107
141 93 208 65 93 61 231
239 75 255 115 135 88 140
40 163 17 185 108 89 10
73 253 240 46 2 125 43
200 112 243 28 142 87 216
155 34 80 132 202 119 15
63 71 68 146 142 151 71
43 63 103 168 239 204 241
187 24 229 252 237 84 16
74 159 33 57 2 236 244
75 20 112 238 94 118 234
34 81 55 195 199 24 91
192 63 145 192 157 198 107
153 86 226 132 44 153 37
74 155 56 164 7 55 197
175 195 27 53 163 229 22
218 230 121 37 182 171 46
158 2 18 136 224 15 112
48 9 56 165 11 170 91
225 52 139 129 68 114 194
20 46 135 123 62 224 196
139 197 185 8 35 18 91
194 72 127 196 69 41 19
48 215 179 86 166 159 39
49 220 44 103 121 74 161
164 78 203 98 31 75 38
233 249 206 34 165 31 91
210 224 187 251 195 88 142
12 89 70 29 42 122 94
168 198 160 185 131 255 78
248 94 4 118 67 158 159
37 94 217 214 160 242 86
29 242 102 27 145 242 248
22 83 182 163 236 205 28
199 167 56 208 117 17 8
106 206 151 2 85 14 99
63 234 29 167 80 64 81
192 176 6 106 67 22 188
138 172 202 78 46 116 239
102 126 6 3 164 162 227
138 14 124 34 128 254 123
80 66 174 25 210 241 121
113 47 178 131 26 181 173
75 207 171 124 121 234 24
43 16 201 241 237 112 28
220 88 47 42 73 159 204
64 16 72 1 176 116 163
27 133 202 107 105 135 177
143 33 37 1 22 73 151
50 210 216 250 64 171 129
165 89 71 67 171 170 47
43 50 2 240 225 169 234
61 161 184 75 65 169 222
197 80 57 82 82 140 236
112 75 190 48 182 63 89
141 101 182 225 207 171 148
78 173 235 33 131 26 212
237 6 155 57 207 142 224
198 169 234 125 254 75 48
217 211 29 215 118 116 177
75 161 194 29 64 31 238
165 241 4 5 55 116 45
252 230 177 221 163 98 207
154 41 188 40 2 251 199
87 147 136 103 72 92 129
15 42 67 5 3 65 20
168 145 170 163 75 88 213
77 200 23 5 22 114 223
96 75 92 11 119 15 66
133 123 104 81 85 134 163
90 78 210 202 48 153 185
180 64 68 103 154 194 248
33 55 75 137 237 224 3
198 8 205 244 138 27 129
232 12 208 14 204 168 117
123 221 244 103 153 202 66
175 39 127 73 243 107 127
55 19 164 113 132 254 56
71 3 215 188 201 117 229
3 62 1 234 140 108 219
82 153 199 112 156 11 87
18 14 124 41 106 75 222
39 154 6 79 52 139 187
237 74 2 165 202 47 219
189 198 221 113 255 251 64
237 232 69 233 180 29 250
209 24 107 238 181 173 73
145 216 105 49 167 58 245
160 145 91 243 129 221 91
114 99 28 109 32 121 95
43 83 84 191 91 9 98
137 26 212 32 178 100 210
254 129 208 82 9 251 36
254 168 183 60 219 124 190
158 233 210 80 121 17 43
46 67 202 184 241 30 19
68 103 183 74 94 171 230
120 223 221 36 157 73 5
43 37 189 252 59 44 5
134 116 95 135 31 237 138
33 51 197 3 138 4 192
20 254 49 172 172 99 210
93 252 168 132 161 203 232
40 213 211 213 12 106 187
134 127 249 110 144 252 145
36 135 80 245 142 113 219
145 239 93 153 255 205 153
57 127 96 244 214 94 172
251 61 253 180 156 171 64
186 246 34 145 171 167 152
195 131 223 158 219 192 88
231 157 227 184 197 125 165
168 16 252 253 198 124 57
207 23 42 10 22 62 186
201 234 86 142 74 41 155
143 253 101 254 3 4 65
45 118 180 138 73 113 26
207 216 201 61 63 103 22
167 45 28 24 149 20 48
212 27 170 219 240 232 52
113 93 73 50 109 180 113
229 98 199 255 119 90 103
56 30 210 206 167 244 148
102 4 96 48 140 22 44
136 228 107 61 97 71 157
149 196 18 130 82 57 173
158 172 58 225 87 42 143
236 176 90 177 45 136 88
189 23 164 27 203 226 63
104 86 7 13 201 248 29
135 151 175 108 49 99 201
145 32 209 199 171 119 229
11 97 63 141 191 113 85
86 162 158 103 62 190 3
26 194 150 234 139 3 123
180 48 241 37 73 141 69
169 226 24 123 97 193 167
166 79 25 154 246 99 17
227 199 234 139 159 75 187
229 28 80 178 107 205 219
70 197 231 81 94 242 42
97 133 114 137 6 95 81
17 206 229 180 239 179 248
150 146 209 3 66 165 80
148 69 91 39 188 81 191
117 140 249 252 85 185 126
199 13 60 229 135 11 181
135 237 193 52 108 50 29
73 120 44 19 101 202 202
191 100 17 23 195 171 77
85 124 250 247 236 97 45
78 59 193 44 192 67 74
98 214 41 78 154 118 193
112 10 154 179 135 138 67
17 145 160 99 205 21 251
107 30 118 242 177 97 68
142 108 232 86 133 1 57
230 132 40 149 36 154 163
210 114 165 70 166 30 230
208 213 131 214 198 31 29
67 46 246 197 189 174 23
245 223 143 17 5 143 119
38 7 60 223 8 203 121
101 251 46 196 51 191 216
221 81 232 186 203 142 115
249 142 103 185 149 67 149
56 114 86 20 202 161 109
60 135 21 38 173 224 241
140 124 114 16 222 208 177
82 200 156 248 249 30 82
57 120 143 217 201 157 47
12 198 75 101 101 119 233
149 218 84 120 150 227 123
61 128 105 89 90 220 82
196 234 21 2 221 158 92
158 189 11 206 124 232 226
119 234 2 120 54 191 136
38 73 139 151 162 138 32
81 112 87 197 195 203 111
185 92 167 131 112 166 34
121 228 143 182 51 50 31
84 78 175 195 11 63 6
108 43 42 142 245 213 92
233 86 100 57 203 113 91
148 28 111 190 42 92 236
77 93 224 222 157 16 7
15 182 49 216 93 124 130
120 250 226 222 56 228 129
245 139 63 44 247 50 27
152 14 75 15 241 103 232
134 4 59 240 38 60 28
183 210 70 139 113 190 195
104 223 226 106 149 6 127
175 59 185 58 159 166 189
237 234 237 139 108 182 151
167 233 233 26 92 140 160
88 75 25 54 90 49 150
36 205 199 122 173 218 42
254 105 74 239 46 175 77
200 119 144 231 198 146 13
169 104 159 33 49 50 141
206 15 156 37 206 104 217
33 120 129 44 86 227 22
106 112 47 199 150 21 76
36 242 12 56 156 209 163
16 6 240 191 50 30 96
8 197 125 48 99 16 163
152 177 153 204 69 131 167
159 188 230 202 139 30 110
212 63 109 55 125 239 79
82 201 78 72 204 162 125
166 161 89 188 193 44 220
106 71 126 89 73 251 64
77 88 29 21 8 143 96
230 2 69 74 56 123 252
105 121 12 43 41 111 180
245 226 69 117 198 83 15
49 241 64 160 26 141 75
138 154 229 25 94 158 150
101 33 187 191 209 59 233
153 8 23 111 207 3 78
237 103 208 159 187 181 229
214 209 203 122 139 141 190
37 164 233 105 155 179 1
61 21 143 181 84 63 87
174 216 227 160 118 23 120
26 22 120 247 174 28 34
92 142 47 255 83 44 63
85 119 111 20 186 197 227
60 115 27 136 16 20 177
73 167 25 99 155 56 118
232 37 32 124 210 112 89
115 84 237 44 142 109 191
1 250 101 94 173 9 180
8 11 56 18 151 155 66
92 255 150 7 38 90 65
74 111 68 143 235 35 150
86 4 247 59 89 192 71
47 73 254 204 143 231 161
68 70 174 235 236 183 197
32 70 117 210 164 53 103
