27 62 17 36 16
189 98 25 32 230
250 169 8 80 11
49 239 22 38 238
3 110 202 57 158
243 28 100 7 140
59 147 44 89 221
162 115 64 49 160
7 172 55 246 106
82 38 65 55 2
227 223 27 108 75
153 3 172 230 208
51 201 33 159 68
234 114 55 94 241
121 169 174 83 45
85 30 234 115 210
165 109 192 234 226
244 211 189 175 53
119 174 146 157 214
163 175 179 183 8
190 218 22 35 81
148 63 160 167 172
60 116 236 39 131
88 234 64 62 204
58 187 29 227 127
197 169 135 183 92
156 253 33 223 159
94 5 34 8 113
230 225 199 205 13
44 243 88 121 254
165 70 153 242 136
209 165 192 24 172
47 127 116 54 18
247 45 237 151 160
156 223 175 180 88
233 128 34 1 74
53 16 84 22 103
99 242 118 133 98
80 27 143 85 145
105 249 66 1 211
220 150 27 73 24
147 81 173 243 156
245 212 223 238 16
202 94 84 180 116
204 241 170 53 162
188 34 157 31 28
83 183 245 131 146
74 131 177 118 14
82 157 216 62 41
82 196 125 237 6
74 134 58 56 206
34 155 126 245 50
99 154 182 59 116
45 104 238 185 18
219 224 214 244 25
41 158 91 58 214
76 13 37 146 246
146 111 245 223 215
236 187 237 63 133
26 185 140 75 100
172 93 212 40 13
211 167 55 124 63
75 47 236 138 2
4 206 171 123 26
206 164 234 21 149
145 56 72 69 164
117 252 252 201 188
237 160 29 126 46
37 20 195 142 124
16 155 221 74 28
231 177 44 240 138
32 11 70 75 38
166 137 144 62 129
236 73 255 106 48
86 205 32 30 165
129 159 38 200 240
187 102 196 149 140
225 15 113 27 132
38 223 95 232 78
171 141 103 77 12
112 135 41 132 90
180 122 215 195 218
141 78 92 92 195
207 243 23 208 251
103 229 148 58 44
14 83 72 94 75
213 0 148 243 178
67 94 1 107 119
253 94 126 135 90
205 107 43 193 76
26 202 125 219 118
140 220 110 50 12
23 53 49 97 114
244 103 5 53 163
114 76 25 140 171
6 239 199 144 190
204 8 193 157 152
62 185 5 92 222
110 66 131 164 11
37 207 48 245 47
22 114 235 177 62
219 211 136 145 17
1 208 44 128 125
173 42 7 179 51
253 155 21 232 155
148 76 253 6 35
8 81 61 42 78
50 156 26 147 39
85 166 191 50 126
158 220 59 83 42
1 212 129 6 82
87 10 92 46 47
122 196 139 198 243
196 142 171 159 126
108 146 98 132 24
132 128 185 8 181
231 6 229 173 169
76 220 11 9 146
32 84 187 26 213
44 0 12 213 245
36 203 21 252 6
8 207 192 38 33
223 166 102 176 175
225 239 185 176 7
87 116 204 136 103
157 221 3 137 202
236 87 216 129 226
197 46 229 74 68