231 217 200 236 65 35 66 16
26 6 175 167 247 205 12 170
52 18 255 145 91 98 126 251
19 119 112 199 84 120 222 114
94 45 109 92 251 87 142 41
150 174 136 201 254 31 88 135
219 183 101 102 202 44 70 212
6 39 184 22 100 83 181 215
133 44 130 209 169 183 185 244
46 89 52 244 30 8 122 49
102 201 139 37 183 42 195 94
240 67 244 66 152 142 190 102
104 87 247 80 192 180 180 181
127 164 78 14 48 198 16 147
96 131 57 144 23 160 157 170
157 188 99 162 167 133 79 187
26 251 60 241 208 35 164 132
2 89 31 134 116 45 19 61
72 80 211 172 216 238 90 131
38 203 92 96 191 16 218 80
21 149 183 182 201 217 28 115
155 159 109 27 158 172 247 148
56 109 149 108 46 47 141 84
182 173 228 111 62 147 93 92
9 221 2 236 54 104 88 250
136 48 193 107 94 64 110 8
255 224 175 24 237 110 157 49
53 132 242 174 51 235 224 108
174 106 23 250 182 48 165 206
50 222 69 59 206 159 198 48
179 136 209 185 87 238 205 174
199 17 229 213 75 16 151 42
176 189 152 10 110 1 4 4
43 16 171 70 121 230 22 179
211 152 80 13 217 241 17 200
136 191 195 183 152 116 81 189
248 54 157 230 50 150 109 197
105 109 85 29 88 137 232 55
137 64 17 177 172 210 206 101
205 14 128 236 119 170 146 85
27 170 134 118 220 215 219 76
218 90 211 67 125 16 36 55
166 204 170 103 71 89 196 21
226 196 12 71 33 229 217 201
29 18 99 120 218 5 145 157
178 87 218 189 240 140 245 153
34 166 72 50 229 38 76 228
63 99 63 51 192 215 64 76
155 126 234 208 242 161 101 46
183 41 41 189 78 191 26 38
224 139 1 95 33 166 131 242
90 113 176 230 44 81 138 252
112 172 194 240 235 222 52 168
142 8 111 106 95 142 144 213
219 87 250 21 210 66 195 187
56 249 100 194 123 126 64 224
146 208 83 247 217 22 15 13
211 234 152 115 194 39 195 174
124 237 253 45 1 129 144 11
123 124 207 1 154 143 187 1
104 36 217 223 244 165 131 98
178 206 82 72 219 169 27 30
176 130 98 190 133 214 64 137
41 168 174 171 161 253 11 229