231 217 200 236 65 35 58
26 6 175 167 247 205 34
52 18 255 145 91 98 15
19 119 112 199 84 120 33
94 45 109 92 251 87 96
150 174 136 201 254 31 192
219 183 101 102 202 44 207
6 39 184 22 100 83 13
133 44 130 209 169 183 93
46 89 52 244 30 8 219
102 201 139 37 183 42 95
240 67 244 66 152 142 173
104 87 247 80 192 180 88
127 164 78 14 48 198 125
96 131 57 144 23 160 96
157 188 99 162 167 133 141
26 251 60 241 208 35 123
2 89 31 134 116 45 136
72 80 211 172 216 238 11
38 203 92 96 191 16 164
21 149 183 182 201 217 141
155 159 109 27 158 172 183
56 109 149 108 46 47 32
182 173 228 111 62 147 96
9 221 2 236 54 104 60
136 48 193 107 94 64 98
255 224 175 24 237 110 182
53 132 242 174 51 235 213
174 106 23 250 182 48 10
50 222 69 59 206 159 5
179 136 209 185 87 238 39
199 17 229 213 75 16 42
176 189 152 10 110 1 244
43 16 171 70 121 230 95
211 152 80 13 217 241 47
136 191 195 183 152 116 254
248 54 157 230 50 150 124
105 109 85 29 88 137 117
137 64 17 177 172 210 217
205 14 128 236 119 170 224
27 170 134 118 220 215 145
218 90 211 67 125 16 89
166 204 170 103 71 89 125
226 196 12 71 33 229 112
29 18 99 120 218 5 90
178 87 218 189 240 140 11
34 166 72 50 229 38 113
63 99 63 51 192 215 7
155 126 234 208 242 161 233
183 41 41 189 78 191 225
224 139 1 95 33 166 49
90 113 176 230 44 81 138
112 172 194 240 235 222 239
142 8 111 106 95 142 194
219 87 250 21 210 66 48
56 249 100 194 123 126 34
146 208 83 247 217 22 38
211 234 152 115 194 39 244
124 237 253 45 1 129 81
123 124 207 1 154 143 103
104 36 217 223 244 165 152
178 206 82 72 219 169 15
176 130 98 190 133 214 253
41 168 174 171 161 253 211
134 66 201 15 56 182 29
130 144 2 96 228 120 248
65 73 27 29 248 85 176
108 103 110 220 136 51 41
208 208 220 9 216 19 6
250 244 59 251 221 35 133
227 83 29 242 75 251 171
223 19 155 97 188 191 54
16 71 159 30 57 23 242
184 154 147 41 141 55 189
55 93 161 207 126 249 28
192 181 107 85 116 214 110
81 176 26 126 19 157 197
37 126 155 159 151 109 11
206 137 42 59 166 41 124
195 179 122 223 198 116 170
201 50 191 136 109 49 85
55 224 140 176 61 42 148
117 155 35 215 170 215 40
35 4 153 162 118 41 23
56 73 172 248 2 158 61
139 63 126 45 248 116 17
155 123 131 185 146 123 6
160 195 136 202 103 134 43
140 158 80 225 220 74 28
203 217 139 87 250 240 5
84 124 110 100 141 1 109
50 109 106 114 128 88 247
188 43 224 151 151 105 227
237 53 27 51 140 103 37
201 240 195 125 88 21 234
158 56 85 11 211 113 38
96 189 55 127 45 184 10
31 145 173 231 202 41 248
124 72 250 208 68 245 157
131 140 144 199 59 81 221
65 124 231 185 204 52 50
64 81 218 249 114 196 86
120 236 20 86 162 183 4
252 142 92 106 47 252 69
8 97 119 69 246 124 255
228 75 144 151 80 107 200
228 228 182 232 233 254 36
246 25 22 1 96 124 30
62 166 198 122 31 191 255
51 109 229 188 2 24 255
146 105 125 135 54 125 57
11 43 152 27 99 168 84
57 238 247 49 241 150 5
193 196 132 195 237 66 47
99 204 5 8 194 58 105
7 144 200 111 94 52 222
222 154 149 209 193 76 184
208 111 77 150 188 148 178
86 185 56 210 109 82 30
29 186 96 213 232 5 98
111 254 118 67 130 197 77
115 112 78 22 61 29 75
240 42 133 174 148 50 246
149 175 119 213 104 96 108
101 82 80 232 36 137 3
145 32 32 78 7 123 24
54 96 170 77 61 103 59
213 46 210 151 103 97 83
241 48 215 159 99 138 36
74 59 148 116 10 175 220
125 13 102 73 177 184 212
222 129 127 128 109 249 229
69 126 213 168 81 148 223
200 217 38 245 74 245 230
109 176 86 46 116 11 24
190 91 224 84 230 160 106
102 24 49 225 255 19 33
81 23 76 178 214 90 90
13 192 154 229 198 57 190
253 245 17 211 6 154 31
238 249 104 99 83 85 115
166 12 19 9 183 236 5
220 18 243 179 152 234 15
248 167 201 207 127 74 54
102 45 85 31 97 5 18
173 75 184 107 186 67 112
211 110 167 253 146 104 68
82 45 140 127 213 168 92
65 70 184 32 141 209 178
245 183 235 21 211 186 51
37 42 145 170 168 92 3
230 67 116 229 255 47 213
232 106 228 115 8 165 100
236 102 44 119 83 129 154
97 195 102 167 161 59 121
171 174 30 119 45 188 43
132 47 14 18 163 65 49
6 194 222 142 144 149 244
14 230 161 250 26 213 199
217 52 212 203 238 66 17
208 75 142 185 130 144 30
163 213 156 176 142 211 16
58 232 102 233 162 24 109
189 123 133 215 186 117 186
2 128 165 105 77 77 38
48 209 176 224 221 146 75
192 130 159 254 86 209 62
247 16 150 79 68 118 32
70 244 14 89 139 191 60
8 7 29 40 173 133 97
133 235 229 11 155 40 202
211 30 119 244 192 171 69
172 159 113 23 184 59 241
187 170 170 226 193 113 114
168 45 128 67 244 245 117
7 131 221 81 4 100 57
2 82 249 3 217 16 33
7 48 216 174 215 156 59
54 5 222 153 15 110 207
11 168 173 181 116 23 51
192 125 237 242 234 184 105
84 7 102 238 173 11 32
172 238 66 49 154 117 114
38 227 66 249 79 215 35
51 176 217 129 179 44 114
125 105 2 181 85 93 116
88 111 49 186 178 131 201
218 191 216 155 44 236 38
209 97 134 160 220 232 31
187 96 44 59 211 159 134
62 78 58 177 239 85 50
107 21 73 95 2 106 255
87 182 4 172 64 64 89
188 148 92 191 244 70 226
111 124 188 180 132 75 174
134 83 65 81 3 120 198
38 73 20 106 249 68 134
102 179 88 218 76 204 227
65 223 49 212 121 74 80
55 94 56 84 154 87 194
218 186 171 213 24 112 57
50 1 158 207 128 80 34
201 215 244 56 63 45 215
144 233 241 234 150 217 235
134 82 118 170 15 130 19
147 234 217 62 221 166 112
36 35 177 93 188 38 123
48 239 227 31 77 124 61
88 95 240 180 171 200 136
29 191 90 152 130 216 73
126 141 157 128 127 99 240
13 246 92 227 142 185 164
37 230 86 82 85 69 76
170 191 214 249 20 142 174
80 215 178 109 26 30 26
59 217 139 37 182 66 49
2 187 15 235 124 97 152
118 82 41 115 142 26 100
137 79 175 239 15 21 57
30 213 136 129 46 126 70
198 108 7 188 78 89 57
253 218 23 195 1 113 28
247 90 8 95 113 243 192
143 183 23 213 114 21 228
32 59 65 171 79 79 49
90 129 250 178 60 59 94
102 155 201 118 31 237 247
241 3 240 236 62 18 134
147 112 237 99 80 101 59
76 15 11 24 248 131 187
190 243 242 76 220 90 156
23 139 117 44 81 151 247
199 87 198 66 118 3 57
168 113 132 97 51 163 36
61 83 26 70 190 56 7
48 110 112 224 19 138 41
10 107 48 203 112 83 214
73 77 178 247 188 106 177
244 224 123 71 162 173 218
186 211 112 25 196 254 194
55 55 201 15 150 66 35
137 110 46 8 253 246 138
99 131 167 32 100 184 25
127 86 158 95 249 59 49
90 198 27 197 111 64 196
40 134 193 169 253 64 59
111 165 57 79 225 146 225
184 60 77 122 71 158 243
171 33 63 191 195 178 8
223 224 142 113 183 53 128
89 149 191 7 231 237 185
84 210 202 7 37 62 229
88 162 87 147 236 66 155
228 160 44 81 165 168 166
180 58 190 98 135 162 224
179 10 20 110 18 190 101
203 91 199 225 243 242 97
228 134 247 89 87 103 51
104 108 247 226 138 173 78
177 14 73 145 3 117 65
19 114 46 235 19 236 241
228 55 158 145 107 15 58
155 111 215 147 251 183 133
51 61 77 5 47 175 59
56 245 121 81 101 199 240
194 156 176 242 61 245 54
253 111 139 187 227 62 59
199 240 170 40 75 53 66
50 29 64 127 109 206 6
196 190 223 69 147 206 245
154 123 120 125 16 96 23
174 96 116 41 216 181 161
45 104 99 64 216 170 64
94 16 105 248 9 58 158
125 120 252 147 22 114 216
37 198 147 104 137 181 12
148 120 185 147 42 126 201
122 137 39 2 81 60 123
244 84 17 129 104 192 21
20 4 181 227 230 164 36
136 221 134 132 137 26 66
189 98 127 48 190 100 164
185 27 243 166 121 82 87
231 183 113 109 120 139 39
240 76 6 149 165 132 39
68 253 208 184 219 64 190
102 26 78 241 81 195 164
137 12 246 142 99 100 127
129 60 95 170 215 158 103
217 111 240 42 247 212 89
123 18 107 102 133 79 89
177 66 156 233 24 57 227
80 120 57 108 141 245 195
170 156 51 112 122 220 1
60 227 94 177 67 115 84
209 53 241 116 84 239 185
182 45 239 151 131 167 12
249 22 45 159 168 171 67
223 106 162 229 81 137 147
118 182 241 183 215 9 195
13 98 86 36 251 81 98
2 214 25 23 172 39 109
162 182 42 244 58 93 133
55 178 91 190 218 132 186
3 73 226 70 80 126 96
11 203 20 215 153 60 72
240 243 7 17 91 189 95
188 106 109 125 24 253 22
219 159 151 239 243 95 24
223 215 124 168 170 139 11
104 170 225 42 74 18 81
218 146 231 68 28 172 7
92 75 17 51 117 63 1
208 8 222 244 97 148 242
79 203 220 43 229 1 15
121 99 210 50 152 170 213
69 107 191 94 153 120 78
108 63 163 87 182 222 231
209 209 154 200 133 13 50
127 108 183 97 199 252 246
125 97 6 36 209 57 39
46 80 63 94 236 5 150
86 123 6 154 33 214 228
199 190 45 156 165 12 88
247 67 67 235 169 239 50
114 195 128 244 122 109 217
124 159 216 3 55 212 137
55 237 143 96 48 37 107
62 36 1 160 71 94 70
168 217 79 141 176 4 81
50 144 130 20 180 197 28
92 162 124 175 7 80 11
41 85 208 227 98 86 56
128 124 222 8 209 155 249
74 35 61 190 226 34 115
118 123 68 209 170 140 129
88 244 38 209 62 84 134
7 53 111 66 23 216 138
52 135 28 172 161 98 236
61 202 132 126 224 190 22
159 120 226 131 184 41 11
198 17 34 134 80 150 112
227 100 51 75 198 202 229
114 65 92 147 83 6 11
180 12 120 153 243 13 252
43 19 200 147 216 22 86
64 215 120 35 217 192 1
156 71 110 229 164 80 36
100 78 82 241 201 42 137
32 80 70 5 61 245 234
132 84 92 137 160 87 198
66 251 107 252 40 166 47
81 32 236 139 28 144 36
33 153 195 236 58 206 76
80 235 172 79 131 32 69
227 143 179 37 248 133 1
153 90 59 36 234 205 136
175 47 178 174 125 173 14
252 102 201 55 175 160 231
118 240 170 22 183 5 4
110 29 2 176 65 204 149
87 134 138 59 158 136 168
7 179 187 117 47 30 75
144 42 74 208 202 54 229
246 26 150 157 238 242 65
47 16 204 71 241 16 229
160 197 108 72 203 156 61
32 237 102 159 189 6 129
1 157 71 253 93 84 46
57 54 57 194 93 9 180
238 43 52 105 192 50 199
139 172 84 121 131 157 73
175 190 77 117 155 159 199
79 99 135 210 84 201 211
238 46 53 116 91 58 10
66 235 57 173 66 27 137
159 6 181 65 49 169 170
95 210 61 9 222 10 106
44 135 143 149 24 102 249
88 152 246 190 156 179 195
39 120 133 130 30 28 208
120 200 219 78 29 54 213
194 80 153 40 22 118 14
100 255 168 47 60 182 32
233 80 102 180 83 110 246
17 204 172 92 99 181 224
55 80 194 90 151 208 180
48 139 56 113 61 101 185
195 146 226 53 77 96 164
130 51 242 163 218 118 88
77 53 169 125 116 73 84
3 108 135 96 5 112 77
108 1 149 214 123 226 74
89 188 81 245 195 95 245
248 50 120 73 234 123 33
213 250 163 59 189 110 8
71 66 232 77 173 188 115
174 54 95 58 180 59 102
103 114 164 200 29 129 22
164 62 187 39 168 251 245
176 114 193 163 161 199 6
240 57 194 138 244 154 114
179 195 86 110 224 129 89
14 38 108 179 16 115 116
227 165 39 249 183 76 148
197 175 43 54 59 128 1
14 93 171 73 36 105 87
110 234 69 218 213 21 173
232 59 46 237 30 105 118
251 232 195 39 150 215 114
83 211 127 107 246 151 218
117 194 100 228 243 84 180
168 255 43 81 150 253 242
103 112 82 197 132 7 114
95 42 85 161 71 124 232
218 67 99 152 65 63 123
173 18 206 24 88 5 38
111 133 238 100 75 192 145
217 184 77 244 103 99 129
244 38 73 8 117 33 40
223 141 155 123 142 217 92
136 72 82 183 130 57 197
115 29 65 155 176 51 19
8 233 201 31 60 31 44
114 236 91 73 212 232 122
62 236 185 130 214 2 170
68 214 200 109 222 145 79
101 232 19 64 18 235 150
249 22 33 55 25 169 120
56 250 219 57 236 42 6
165 167 209 81 157 125 201
109 94 246 234 136 237 80
59 46 181 146 114 93 46
111 249 229 160 45 198 209
198 185 203 60 200 94 31
103 32 43 62 182 223 137
252 61 45 250 244 139 181
13 98 145 25 175 31 140
101 133 249 209 78 115 21
220 200 80 98 156 51 208
208 46 108 154 17 26 212
111 225 241 23 97 53 81
232 80 228 160 248 161 208
3 139 213 76 96 64 61
226 1 142 137 146 143 246
83 150 25 202 232 161 82
242 178 128 66 19 240 51
73 226 167 95 73 58 4
165 181 245 15 198 159 115
46 187 68 246 89 111 7
144 237 145 196 174 239 112
172 171 56 93 113 185 47
7 93 98 167 177 150 183
169 102 143 26 68 152 192
2 129 146 167 231 28 1
217 168 32 190 110 165 67
46 201 67 153 255 110 233
168 49 95 159 59 124 199
197 69 30 44 216 163 194
68 177 162 205 98 113 222
76 144 34 43 255 146 138
46 15 189 13 192 188 86
104 133 169 49 79 78 155
242 136 153 18 14 149 183
250 168 185 219 121 222 146
43 63 166 93 93 114 231
15 221 151 131 31 51 137
53 245 144 111 219 65 215
85 20 218 103 40 218 234
191 143 222 230 132 16 248
113 89 252 6 85 195 71
219 163 69 202 20 157 3
237 172 65 110 140 158 37
243 155 105 138 38 13 231
17 89 249 65 26 168 218
234 59 50 42 199 228 28
250 92 232 97 248 66 34
156 39 154 133 12 143 222
10 231 29 210 147 200 37
128 49 29 207 7 193 116
250 90 55 206 169 196 254
203 212 47 59 152 3 31
80 22 201 121 152 223 242
234 206 94 144 43 144 8
35 171 184 179 58 167 66
44 71 132 124 17 117 127
173 121 254 124 67 31 24
138 27 209 91 195 194 173
114 137 236 104 172 114 166
156 77 146 27 52 166 79
246 230 254 232 49 159 89
60 30 119 252 4 168 139
114 250 161 138 227 20 194
97 75 247 240 117 21 225
239 47 251 89 106 126 93
97 37 194 113 189 32 84
207 110 94 97 198 43 11
187 73 76 112 140 247 246
1 68 197 197 48 9 75
76 159 132 61 161 8 76
218 239 77 115 145 151 92
2 181 155 147 155 170 83
121 176 215 17 228 226 244
6 44 166 134 92 170 122
140 23 84 206 238 23 136
145 18 213 146 123 9 156
59 231 185 108 140 251 143
177 54 188 248 194 54 78
100 144 41 217 8 162 237
121 197 147 252 232 152 116
57 99 167 238 110 157 143
24 130 10 116 139 229 159
