231 217 200 236 65 35 58
26 6 175 167 247 205 34
52 18 255 145 91 98 15
19 119 112 199 84 120 33
94 45 109 92 251 87 96
150 174 136 201 254 31 192
219 183 101 102 202 44 207
6 39 184 22 100 83 13
133 44 130 209 169 183 93
46 89 52 244 30 8 219
102 201 139 37 183 42 95
240 67 244 66 152 142 173
104 87 247 80 192 180 88
127 164 78 14 48 198 125
96 131 57 144 23 160 96
157 188 99 162 167 133 141
26 251 60 241 208 35 123
2 89 31 134 116 45 136
72 80 211 172 216 238 11
38 203 92 96 191 16 164
21 149 183 182 201 217 141
155 159 109 27 158 172 183
56 109 149 108 46 47 32
182 173 228 111 62 147 96
9 221 2 236 54 104 60
136 48 193 107 94 64 98
255 224 175 24 237 110 182
53 132 242 174 51 235 213
174 106 23 250 182 48 10
50 222 69 59 206 159 5
179 136 209 185 87 238 39
199 17 229 213 75 16 42
176 189 152 10 110 1 244
43 16 171 70 121 230 95
211 152 80 13 217 241 47
136 191 195 183 152 116 254
248 54 157 230 50 150 124
105 109 85 29 88 137 117
137 64 17 177 172 210 217
205 14 128 236 119 170 224
27 170 134 118 220 215 145
218 90 211 67 125 16 89
166 204 170 103 71 89 125
226 196 12 71 33 229 112
29 18 99 120 218 5 90
178 87 218 189 240 140 11
34 166 72 50 229 38 113
63 99 63 51 192 215 7
155 126 234 208 242 161 233
183 41 41 189 78 191 225
224 139 1 95 33 166 49
90 113 176 230 44 81 138
112 172 194 240 235 222 239
142 8 111 106 95 142 194
219 87 250 21 210 66 48
56 249 100 194 123 126 34
146 208 83 247 217 22 38
211 234 152 115 194 39 244
124 237 253 45 1 129 81
123 124 207 1 154 143 103
104 36 217 223 244 165 152
178 206 82 72 219 169 15
176 130 98 190 133 214 253
41 168 174 171 161 253 211
